"Conservation Feature","Feature Name","Target","Amount Held","Occurrence Target ","Occurrences Held","Separation Target ","Separation Achieved","Target Met","MPM"
2000968,Volcanicsuccessionsdominatedbywoodland100,8968015.780000,10047528.000000,0,13,0,0,yes,1.000000
2000967,Volcanicsuccessionsdominatedbyscrub100,22860710.560000,22961578.000000,0,27,0,0,yes,1.000000
2000966,Volcanicsuccessionsdominatedbygrass100,731769.080000,1332701.000000,0,5,0,0,yes,1.000000
2000965,Urban100,0.000000,0.000000,0,0,0,0,,1.000000
2000964,TimberPlantation100,10118765.840000,10450117.000000,0,8,0,0,yes,1.000000
2000961,Swampwoodland100,94917804.080000,96093312.000000,0,127,0,0,yes,1.000000
2000960,Swampgrassland100,2731165.600000,2988905.000000,0,6,0,0,yes,1.000000
2000957,SwampforestwithCampnosperma100,15142310.720000,15548038.000000,0,26,0,0,yes,1.000000
2000955,Swamp100,55623349.920000,56979945.000000,0,79,0,0,yes,1.000000
2000953,SeralForestVolcanicsuccessions100,27412781.520000,27908269.000000,0,34,0,0,yes,1.000000
2000952,Scrub100,3883653.060000,3935175.000000,0,9,0,0,yes,1.000000
2000947,RiverinesuccessionswithEucalyptusdeglupta100,24485008.200000,24977633.000000,0,54,0,0,yes,1.000000
2000944,Riverinesuccessionsdominatedbywoodland100,1237214.440000,1325800.000000,0,3,0,0,yes,1.000000
2000941,Oilpalm100,0.000000,50854351.000000,0,66,0,0,,1.000000
2000940,Mixedforest100,4956992.600000,5690975.000000,0,6,0,0,yes,1.000000
2000938,Mangrove100,45769455.640000,45781494.000000,0,122,0,0,yes,1.000000
2000937,Lakesandlargerrivers100,3494124.580000,3647520.000000,0,37,0,0,yes,1.000000
2000936,Herbaceousswamp100,22134501.840000,22442802.000000,0,34,0,0,yes,1.000000
2000935,Grasslands100,573343.020000,1249514.000000,0,5,0,0,yes,1.000000
2000934,Grasslandwithsomeforest100,10700492.240000,10909523.000000,0,13,0,0,yes,1.000000
2000933,Grasslandrevertingtoforest100,462012.060000,674350.000000,0,2,0,0,yes,1.000000
2000931,ForestwithCasuarinaequisetifoliaLittoral100,568292.660000,652397.000000,0,3,0,0,yes,1.000000
2000928,ForestVerySmallCrownLowMontane1000mNotho100,28448717.320000,58229633.000000,0,51,0,0,yes,1.000000
2000926,ForestVerySmallCrownLowMontane1000m100,41197124.760000,62849436.000000,0,62,0,0,yes,1.000000
2000925,ForestSmallCrownLowMontane1000mwNothofag100,4637271.220000,4638860.000000,0,5,0,0,yes,1.000000
2000923,ForestSmallCrownLowMontane1000m100,155167616.280000,155289023.000000,0,197,0,0,yes,1.000000
2000920,ForestSmallCrownLowAltUplands1000m100,308177647.980000,308617563.000000,0,227,0,0,yes,1.000000
2000919,ForestSmallCrownLowAltPlains1000m100,2834048.580000,3182667.000000,0,7,0,0,yes,1.000000
2000918,ForestSmallCrown100,93703916.700000,93852119.000000,0,76,0,0,yes,1.000000
2000917,ForestOpenLowAltPlains1000m100,155153306.360000,155285925.000000,0,171,0,0,yes,1.000000
2000915,ForestMediumCrownLowAltUplands1000m100,3269326579.060000,3269324909.000000,0,2143,0,0,yes,0.999999
2000914,ForestLargeCrownLowAltUplands1000m100,118445695.620000,118808002.000000,0,97,0,0,yes,1.000000
2000913,ForestLargecrownLowAltPlains1000m100,181585292.600000,181894835.000000,0,184,0,0,yes,1.000000
2000911,Cultivatedland100,0.000000,3574405.000000,0,7,0,0,,1.000000
2000905,RiverinesuccessionswithEucalyptusdeglupta90,1508090.060000,2822451.000000,0,6,0,0,yes,1.000000
2000904,Oilpalm90,0.000000,1215.000000,0,1,0,0,,1.000000
2000896,ForestSmallCrownLowAltUplands1000m90,19617706.240000,19998759.000000,0,19,0,0,yes,1.000000
2000894,ForestOpenLowAltPlains1000m90,49221104.020000,49700768.000000,0,32,0,0,yes,1.000000
2000892,ForestMediumCrownLowAltUplands1000m90,668708594.220000,668718367.000000,0,516,0,0,yes,1.000000
2000891,ForestLargeCrownLowAltUplands1000m90,34750403.800000,34809610.000000,0,34,0,0,yes,1.000000
2000890,ForestLargecrownLowAltPlains1000m90,27062255.460000,27229852.000000,0,32,0,0,yes,1.000000
2000879,RiverinesuccessionswithEucalyptusdeglupta80,1723513.720000,2126579.000000,0,6,0,0,yes,1.000000
2000877,Oilpalm80,0.000000,53819.000000,0,1,0,0,,1.000000
2000866,ForestSmallCrownLowAltUplands1000m80,3115334.660000,3526996.000000,0,3,0,0,yes,1.000000
2000863,ForestOpenLowAltPlains1000m80,46636626.660000,46645748.000000,0,60,0,0,yes,1.000000
2000861,ForestMediumCrownLowAltUplands1000m80,365187871.160000,365340888.000000,0,342,0,0,yes,1.000000
2000860,ForestLargeCrownLowAltUplands1000m80,10760328.840000,12238824.000000,0,15,0,0,yes,1.000000
2000859,ForestLargecrownLowAltPlains1000m80,32893028.000000,32899576.000000,0,33,0,0,yes,1.000000
2000857,Cultivatedland80,0.000000,0.000000,0,0,0,0,,1.000000
2000851,Volcanicsuccessionsdominatedbywoodland50,90508.680000,112552.000000,0,5,0,0,yes,1.000000
2000850,Volcanicsuccessionsdominatedbyscrub50,933537.660000,940368.000000,0,15,0,0,yes,1.000000
2000849,Volcanicsuccessionsdominatedbygrass50,299823.900000,675078.000000,0,5,0,0,yes,1.000000
2000848,Urban50,0.000000,27310.000000,0,2,0,0,,1.000000
2000847,TimberPlantation50,0.000000,18660.000000,0,2,0,0,,1.000000
2000844,Swampwoodland50,356892.900000,370787.000000,0,21,0,0,yes,1.000000
2000843,Swampgrassland50,67046.640000,137513.000000,0,4,0,0,yes,1.000000
2000840,SwampforestwithCampnosperma50,21054.160000,27320.000000,0,3,0,0,yes,1.000000
2000838,Swamp50,111377.200000,113760.000000,0,8,0,0,yes,1.000000
2000836,SeralForestVolcanicsuccessions50,52423.580000,69276.000000,0,5,0,0,yes,1.000000
2000830,RiverinesuccessionswithEucalyptusdeglupta50,532972.440000,539965.000000,0,20,0,0,yes,1.000000
2000824,Oilpalm50,0.000000,1366028.000000,0,30,0,0,,1.000000
2000823,Mixedforest50,2685.320000,6644.000000,0,2,0,0,yes,1.000000
2000821,Mangrove50,220383.240000,221230.000000,0,27,0,0,yes,1.000000
2000820,Landuse0450,0.000000,629109.000000,0,19,0,0,,1.000000
2000819,Lakesandlargerrivers50,128946.020000,335442.000000,0,13,0,0,yes,1.000000
2000818,Herbaceousswamp50,1615869.040000,2449556.000000,0,13,0,0,yes,1.000000
2000817,Grasslands50,188816.280000,359589.000000,0,4,0,0,yes,1.000000
2000816,Grasslandwithsomeforest50,2346094.180000,2391897.000000,0,11,0,0,yes,1.000000
2000815,Grasslandrevertingtoforest50,12411.360000,34394.000000,0,2,0,0,yes,1.000000
2000810,ForestVerySmallCrownLowMontane1000mNotho50,57206.700000,168111.000000,0,12,0,0,yes,1.000000
2000808,ForestVerySmallCrownLowMontane1000m50,299605.960000,697074.000000,0,16,0,0,yes,1.000000
2000807,ForestSmallCrownLowMontane1000mwNothofag50,9278.260000,10717.000000,0,1,0,0,yes,1.000000
2000805,ForestSmallCrownLowMontane1000m50,246787.640000,448401.000000,0,25,0,0,yes,1.000000
2000802,ForestSmallCrownLowAltUplands1000m50,111907.600000,218426.000000,0,9,0,0,yes,1.000000
2000801,ForestSmallCrownLowAltPlains1000m50,18446.360000,22889.000000,0,3,0,0,yes,1.000000
2000800,ForestSmallCrown50,14156.920000,16625.000000,0,1,0,0,yes,1.000000
2000799,ForestOpenLowAltPlains1000m50,4683025.700000,4686980.000000,0,72,0,0,yes,1.000000
2000797,ForestMediumCrownLowAltUplands1000m50,58983546.800000,59062525.000000,0,402,0,0,yes,1.000000
2000796,ForestLargeCrownLowAltUplands1000m50,16805275.540000,16822895.000000,0,35,0,0,yes,1.000000
2000795,ForestLargecrownLowAltPlains1000m50,1183658.320000,1184807.000000,0,61,0,0,yes,1.000000
2000793,Cultivatedland50,0.000000,83469.000000,0,3,0,0,,1.000000
2000792,Bare10,0.000000,0.000000,0,0,0,0,,1.000000
2000791,TimberPlantation40,0.000000,0.000000,0,0,0,0,,1.000000
2000784,ForestOpenLowAltPlains1000m40,0.000000,4679014.000000,0,5,0,0,,1.000000
2000782,ForestMediumCrownLowAltUplands1000m40,0.000000,8926539.000000,0,13,0,0,,1.000000
2000781,ForestLargecrownLowAltPlains1000m40,0.000000,0.000000,0,0,0,0,,1.000000
2000774,Oilpalm20,0.000000,1733825.000000,0,4,0,0,,1.000000
2000767,ForestLargeCrownLowAltUplands1000m20,0.000000,3021096.000000,0,9,0,0,,1.000000
2000766,ForestLargecrownLowAltPlains1000m20,0.000000,3586884.000000,0,8,0,0,,1.000000
2000764,Bare10,0.000000,0.000000,0,0,0,0,,1.000000
2000763,Oilpalm10,0.000000,0.000000,0,0,0,0,,1.000000
2000762,ForestMediumCrownLowAltUplands1000m10,0.000000,5033010.000000,0,5,0,0,,1.000000
2000760,Volcanicsuccessionsdominatedbywoodland0,0.000000,314032.000000,0,3,0,0,,1.000000
2000759,Volcanicsuccessionsdominatedbyscrub0,0.000000,3383300.000000,0,21,0,0,,1.000000
2000758,Volcanicsuccessionsdominatedbygrass0,0.000000,3763927.000000,0,5,0,0,,1.000000
2000757,Urban0,0.000000,394672.000000,0,2,0,0,,1.000000
2000756,TimberPlantation0,0.000000,8346.000000,0,1,0,0,,1.000000
2000753,Swampwoodland0,0.000000,526449.000000,0,23,0,0,,1.000000
2000752,Swampgrassland0,0.000000,44817.000000,0,3,0,0,,1.000000
2000749,SwampforestwithCampnosperma0,0.000000,35770.000000,0,3,0,0,,1.000000
2000747,Swamp0,0.000000,122172.000000,0,8,0,0,,1.000000
2000745,SeralForestVolcanicsuccessions0,0.000000,94868.000000,0,6,0,0,,1.000000
2000744,Scrub0,0.000000,747.000000,0,1,0,0,,1.000000
2000739,RiverinesuccessionswithEucalyptusdeglupta0,0.000000,894952.000000,0,35,0,0,,1.000000
2000736,Riverinesuccessionsdominatedbywoodland0,0.000000,16031.000000,0,1,0,0,,1.000000
2000733,Oilpalm0,0.000000,4607259.000000,0,31,0,0,,1.000000
2000732,Mixedforest0,0.000000,6338.000000,0,2,0,0,,1.000000
2000730,Mangrove0,0.000000,1079212.000000,0,58,0,0,,1.000000
2000729,Landuse040,0.000000,39304704.000000,0,77,0,0,,1.000000
2000728,Lakesandlargerrivers0,0.000000,12602866.000000,0,33,0,0,,1.000000
2000727,Herbaceousswamp0,0.000000,375320.000000,0,12,0,0,,1.000000
2000726,Grasslands0,0.000000,2510296.000000,0,4,0,0,,1.000000
2000725,Grasslandwithsomeforest0,0.000000,2610771.000000,0,11,0,0,,1.000000
2000724,Grasslandrevertingtoforest0,0.000000,68460.000000,0,2,0,0,,1.000000
2000722,ForestwithCasuarinaequisetifoliaLittoral0,0.000000,46107.000000,0,2,0,0,,1.000000
2000719,ForestVerySmallCrownLowMontane1000mNotho0,0.000000,267083.000000,0,15,0,0,,1.000000
2000717,ForestVerySmallCrownLowMontane1000m0,0.000000,1393910.000000,0,17,0,0,,1.000000
2000716,ForestSmallCrownLowMontane1000mwNothofag0,0.000000,16679.000000,0,1,0,0,,1.000000
2000714,ForestSmallCrownLowMontane1000m0,0.000000,453980.000000,0,25,0,0,,1.000000
2000711,ForestSmallCrownLowAltUplands1000m0,0.000000,259778.000000,0,6,0,0,,1.000000
2000710,ForestSmallCrownLowAltPlains1000m0,0.000000,0.000000,0,0,0,0,,1.000000
2000709,ForestSmallCrown0,0.000000,0.000000,0,0,0,0,,1.000000
2000708,ForestOpenLowAltPlains1000m0,0.000000,3398640.000000,0,110,0,0,,1.000000
2000706,ForestMediumCrownLowAltUplands1000m0,0.000000,9457854.000000,0,395,0,0,,1.000000
2000705,ForestLargeCrownLowAltUplands1000m0,0.000000,1539823.000000,0,29,0,0,,1.000000
2000704,ForestLargecrownLowAltPlains1000m0,0.000000,2233487.000000,0,68,0,0,,1.000000
2000702,Cultivatedland0,0.000000,19079.000000,0,3,0,0,,1.000000
2000701,Bare0,0.000000,0.000000,0,0,0,0,,1.000000
2000500,climref,869876525.200000,5427773960.000000,0,3086,0,0,yes,1.000000
2000404,Platymantisnakanaiorum,190757282.000000,190948890.000000,0,111,0,0,yes,1.000000
2000403,Platymantismamusiorum,68095335.500000,96084803.000000,0,60,0,0,yes,1.000000
2000345,WetlandswithBackswamps,47416356.310000,86454884.000000,0,72,0,0,yes,1.000000
2000344,UndifferentiatedWetlands,37769130.350000,54891298.000000,0,48,0,0,yes,1.000000
2000343,VolcanicRidgeswithSlope510,34800701.700000,104590018.000000,0,120,0,0,yes,1.000000
2000342,VolcanicRidgeswithSlope25,2442112.050000,9300585.000000,0,8,0,0,yes,1.000000
2000341,VolcanicRidgeswithSlope1020,198988393.370000,494341868.000000,0,441,0,0,yes,1.000000
2000340,VolcanicRidgeswithSlope20,88935264.040000,194810937.000000,0,194,0,0,yes,1.000000
2000339,LeveeplainRiverValleys,41061056.760000,62971105.000000,0,61,0,0,yes,1.000000
2000337,OtherRidgeswithSlope1020,8319525.110000,23481179.000000,0,23,0,0,yes,1.000000
2000336,OtherRidgeswithSlope20,2279594.430000,5638115.000000,0,7,0,0,yes,1.000000
2000335,LimestoneRidgeswithSlope510,26805359.450000,76797971.000000,0,76,0,0,yes,1.000000
2000334,LimestoneRidgeswithSlope25,8103754.820000,19702731.000000,0,23,0,0,yes,1.000000
2000333,LimestoneRidgeswithSlope1020,45701233.790000,120602401.000000,0,113,0,0,yes,1.000000
2000332,LimestoneRidgeswithSlope20,25241389.710000,95275492.000000,0,87,0,0,yes,1.000000
2000330,Lakes,9548452.730000,11028744.000000,0,12,0,0,yes,1.000000
2000329,random,22761.810000,93414.000000,0,1,0,0,yes,1.000000
2000328,VolcanicFoothillswithSlope510,414600029.680000,672165811.000000,0,621,0,0,yes,1.000000
2000327,VolcanicFoothillswithSlope25,232016911.370000,232192892.000000,0,258,0,0,yes,1.000000
2000326,VolcanicFoothillswithSlope1020,432875897.530000,741450983.000000,0,673,0,0,yes,1.000000
2000325,VolcanicFoothillswithSlope20,41010631.360000,65962625.000000,0,101,0,0,yes,1.000000
2000324,VolcanicFoothillswithSlope2,54279441.950000,54387096.000000,0,66,0,0,yes,1.000000
2000323,OtherFoothillswithSlope510,201559517.570000,450782381.000000,0,365,0,0,yes,1.000000
2000322,OtherFoothillswithSlope25,159879910.710000,288992259.000000,0,247,0,0,yes,1.000000
2000321,OtherFoothillswithSlope1020,44356842.170000,101204525.000000,0,95,0,0,yes,1.000000
2000320,OtherFoothillswithSlope20,3840559.760000,3904011.000000,0,7,0,0,yes,1.000000
2000319,OtherFoothillswithSlope2,7471601.490000,7581873.000000,0,10,0,0,yes,1.000000
2000318,LimestoneFoothillswithSlope510,179485585.540000,361402817.000000,0,329,0,0,yes,1.000000
2000317,LimestoneFoothillswithSlope25,282113935.460000,695508705.000000,0,509,0,0,yes,1.000000
2000316,LimestoneFoothillswithSlope1020,44122233.840000,76393059.000000,0,97,0,0,yes,1.000000
2000315,LimestoneFoothillswithSlope20,5362734.490000,13314799.000000,0,21,0,0,yes,1.000000
2000314,LimestoneFoothillswithSlope20,44322253.970000,113840802.000000,0,122,0,0,yes,1.000000
2000313,AcidIgneousFoothillswithSlope510,2906208.820000,10338873.000000,0,11,0,0,yes,1.000000
2000312,AcidIgneousFoothillswithSlope25,605478.800000,1672523.000000,0,5,0,0,yes,1.000000
2000311,AcidIgneousFoothillswithSlope1020,8125188.250000,12745574.000000,0,15,0,0,yes,1.000000
2000309,CoastalplainswithNofloodingorinundation,216591750.910000,403334760.000000,0,316,0,0,yes,1.000000
2000307,MangrovesFlats,28298357.930000,42023671.000000,0,74,0,0,yes,1.000000
2000306,CoastalCoralFlats,1147215.250000,6552022.000000,0,8,0,0,yes,1.000000
2000305,CoastalBeachSandFlats,263532942.770000,281492384.000000,0,184,0,0,yes,1.000000
2000304,UndifferentiatedAlluvialPlains,15087338.500000,31671649.000000,0,33,0,0,yes,1.000000
2000302,CompositeAlluvialPlains,185603918.010000,282437703.000000,0,225,0,0,yes,1.000000
2000113,Dolphins,4504105.500000,4505786.000000,0,5,0,0,yes,1.000000
2000111,Crocodilebreedinggrounds,18029155.500000,22270395.000000,0,41,0,0,yes,1.000000
2000110,Dugonghabitat,35196050.000000,35395618.000000,0,61,0,0,yes,1.000000
2000109,CusCushabitat,3140763.500000,4135278.000000,0,11,0,0,yes,1.000000
2000108,Cassowaryhabitat,6252794.000000,6333496.000000,0,14,0,0,yes,1.000000
2000107,BirdSanctuary,932480.500000,964393.000000,0,5,0,0,yes,1.000000
2000106,Turtlenestingbeachmarine,2566253.500000,2776965.000000,0,7,0,0,yes,1.000000
2000104,Sagopalmareaswamp,6894890.400000,6964621.000000,0,20,0,0,yes,1.000000
2000103,PandanusMarita,235557.300000,685653.000000,0,1,0,0,yes,1.000000
2000102,PandanusKaruka,262935.900000,469990.000000,0,2,0,0,yes,1.000000
2000101,Churchland,0.000000,2430031.000000,0,8,0,0,,1.000000
2000098,Caves,3565105.200000,3649428.000000,0,14,0,0,yes,1.000000
2000096,Volcano,0.000000,14515392.000000,0,18,0,0,,1.000000
2000095,Waterfall,471114.900000,489966.000000,0,1,0,0,yes,1.000000
2000093,Hotspring,2671026.900000,3276321.000000,0,9,0,0,yes,1.000000
2000092,Freshwaterlake,2723975.800000,2729952.000000,0,8,0,0,yes,1.000000
2000090,Villagesmissingnameslocation,0.000000,4118607.000000,0,12,0,0,,1.000000
2000089,MissionStations,0.000000,2807368.000000,0,9,0,0,,1.000000
2000088,Clams,0.000000,34100427.000000,0,55,0,0,,1.000000
2000086,Bechedemerreef,0.000000,34756056.000000,0,58,0,0,,1.000000
2000085,Tuna,187973.500000,227543.000000,0,1,0,0,yes,1.000000
2000082,Miningsmallscalealluvial,0.000000,266819.000000,0,2,0,0,,1.000000
2000080,Miningproposed,0.000000,80711396.000000,0,55,0,0,,1.000000
2000079,Miningcurrent,0.000000,0.000000,0,0,0,0,,1.000000
2000078,BiologicalResearchStaion,5571184.500000,5931636.000000,0,14,0,0,yes,1.000000
2000077,ResourceCentreproposed,0.000000,0.000000,0,0,0,0,,1.000000
2000076,ResourceCentreexisting,0.000000,23957.000000,0,1,0,0,,1.000000
2000075,Wharfproposed,0.000000,0.000000,0,0,0,0,,1.000000
2000074,Wharfexisting,0.000000,0.000000,0,0,0,0,,1.000000
2000073,Jettiesproposed,0.000000,969139.000000,0,3,0,0,,1.000000
2000072,Jettiesexisting,0.000000,0.000000,0,0,0,0,,1.000000
2000071,Fishmarket,0.000000,0.000000,0,0,0,0,,1.000000
2000070,Markets,0.000000,0.000000,0,0,0,0,,1.000000
2000068,Digicelltower,0.000000,3403062.000000,0,10,0,0,,1.000000
2000067,Roadsproposed,0.000000,0.000000,0,0,0,0,,1.000000
2000065,Reservoirwatersupply,0.000000,1857232.000000,0,4,0,0,,1.000000
2000064,Hydroelectricpowerproposed,0.000000,0.000000,0,0,0,0,,1.000000
2000063,Solarpowerplantproposed,0.000000,0.000000,0,0,0,0,,1.000000
2000062,Powerstationexisting,0.000000,1800722.000000,0,7,0,0,,1.000000
2000060,Reforestationproposed,148689891.600000,223627182.000000,0,146,0,0,yes,1.000000
2000057,LoggingexpiredTRPFMA,0.000000,115605352.000000,0,82,0,0,,1.000000
2000056,Loggingcurrent,0.000000,728468717.000000,0,423,0,0,,1.000000
2000055,Forestplanationreforestation,0.000000,0.000000,0,0,0,0,,1.000000
2000055,Forestplanationreforestation,96418091.100000,113225522.000000,0,72,0,0,yes,1.000000
2000053,Bambooforest,0.000000,0.000000,0,0,0,0,,1.000000
2000052,Balsawoodlots,0.000000,0.000000,0,0,0,0,,1.000000
2000051,Forestvirginuntouched,669125111.500000,669252872.000000,0,383,0,0,yes,1.000000
2000050,Nontimberbuildingmaterialforest,0.000000,166499.000000,0,3,0,0,,1.000000
2000049,Megapodeeggs,0.000000,476281.000000,0,1,0,0,,1.000000
2000048,HuntingZone,0.000000,5637820.000000,0,13,0,0,,1.000000
2000047,Fishingzonesmarine,0.000000,478541.000000,0,1,0,0,,1.000000
2000046,Fishingzonefreshwater,0.000000,1596471.000000,0,4,0,0,,1.000000
2000043,Gamefishingsite,1177787.000000,1570383.000000,0,6,0,0,yes,1.000000
2000042,Tourismforest,2355573.500000,2467836.000000,0,8,0,0,yes,1.000000
2000041,Tourismcoralreefs,34223862.500000,34731120.000000,0,56,0,0,yes,1.000000
2000040,Touristtracks,1570382.500000,1873561.000000,0,6,0,0,yes,1.000000
2000039,Surfingsite,0.000000,318642.000000,0,1,0,0,,1.000000
2000038,Guesthouse,0.000000,283329.000000,0,1,0,0,,1.000000
2000037,Resettlementareafromnaturaldisaster,0.000000,390384.000000,0,1,0,0,,1.000000
2000036,Floodways,0.000000,944509.000000,0,3,0,0,,1.000000
2000035,Disasteraffectedarea,0.000000,865886.000000,0,2,0,0,,1.000000
2000034,ShellTabuMoney,0.000000,1226076.000000,0,5,0,0,,1.000000
2000033,WWIIsites,0.000000,1641677.000000,0,7,0,0,,1.000000
2000032,SacredSitesPlesTambu,0.000000,3319385.000000,0,10,0,0,,1.000000
2000031,Cemetary,0.000000,2171471.000000,0,9,0,0,,1.000000
2000029,WildlifeMngtAreaWMA,8556180.500000,8644920.000000,0,11,0,0,yes,1.000000
2000028,ConservationAreaTerrestrialproposed,664076882.500000,664731754.000000,0,392,0,0,yes,1.000000
2000027,ConservationAreaTerrestrial,392595.500000,785191.000000,0,1,0,0,yes,1.000000
2000026,ConservationAreaMarineproposed,4927810.500000,5107106.000000,0,10,0,0,yes,1.000000
2000025,ConservationAreaMarine,671923.000000,873216.000000,0,2,0,0,yes,1.000000
2000024,Mangroves,2113342.800000,2184375.000000,0,6,0,0,yes,1.000000
2000023,Shellsmangroves,23995590.000000,37834835.000000,0,67,0,0,yes,1.000000
2000022,Seagrassbeds,20386036.500000,34122389.000000,0,56,0,0,yes,1.000000
2000021,Uniqueorchidspecies,392596.000000,785192.000000,0,3,0,0,yes,1.000000
2000016,Spiceagriculturalactivity,0.000000,0.000000,0,0,0,0,,1.000000
2000015,Commercialfloriculture,0.000000,18666534.000000,0,17,0,0,,1.000000
2000014,Researchsites,2119976.100000,2292263.000000,0,6,0,0,yes,1.000000
2000013,OilPlamproposed,0.000000,23565880.000000,0,21,0,0,,1.000000
2000012,OilPalmexisting,0.000000,17747937.000000,0,18,0,0,,1.000000
2000010,Introducedcrops,0.000000,0.000000,0,0,0,0,,1.000000
2000009,FruitandVeggiefarming,0.000000,0.000000,0,0,0,0,,1.000000
2000008,Fishfarmpond,0.000000,37668.000000,0,2,0,0,,1.000000
2000007,CattlefarmPigfarmChickenfarm,0.000000,78925.000000,0,1,0,0,,1.000000
2000006,CashcropsVanilla,0.000000,388016.000000,0,1,0,0,,1.000000
2000005,Cashcropscoconut,0.000000,11792488.000000,0,23,0,0,,1.000000
2000004,Cashcropscocoa,0.000000,19022359.000000,0,26,0,0,,1.000000
2000003,CashCropCoffee,0.000000,1021644.000000,0,2,0,0,,1.000000
2000002,BeetleNutFarm,0.000000,1712949.000000,0,5,0,0,,1.000000
1000969,Woodland100,9509.460000,17842.000000,0,1,0,0,yes,1.000000
1000967,Volcanicsuccessionsdominatedbyscrub100,3831787.760000,4260539.000000,0,7,0,0,yes,1.000000
1000964,TimberPlantation100,0.000000,18822132.000000,0,17,0,0,,1.000000
1000961,Swampwoodland100,5792904.700000,6650896.000000,0,9,0,0,yes,1.000000
1000960,Swampgrassland100,1587577.980000,2456229.000000,0,6,0,0,yes,1.000000
1000953,SeralForestVolcanicsuccessions100,8795695.960000,8859340.000000,0,9,0,0,yes,1.000000
1000952,Scrub100,80063.200000,219977.000000,0,3,0,0,yes,1.000000
1000947,RiverinesuccessionswithEucalyptusdeglupta100,30935888.380000,31208828.000000,0,76,0,0,yes,1.000000
1000943,Riverinesuccessionsdominatedbygrass100,860890.540000,1011355.000000,0,3,0,0,yes,1.000000
1000940,Mixedforest100,7835228.940000,7841060.000000,0,10,0,0,yes,1.000000
1000938,Mangrove100,6310546.200000,7225513.000000,0,15,0,0,yes,1.000000
1000937,Lakesandlargerrivers100,85893.860000,166262.000000,0,2,0,0,yes,1.000000
1000936,Herbaceousswamp100,695465.920000,821461.000000,0,3,0,0,yes,1.000000
1000935,Grasslands100,590996.160000,729068.000000,0,1,0,0,yes,1.000000
1000928,ForestVerySmallCrownLowMontane1000mNotho100,258842499.460000,441704870.000000,0,314,0,0,yes,1.000000
1000926,ForestVerySmallCrownLowMontane1000m100,132134880.340000,132161587.000000,0,110,0,0,yes,1.000000
1000925,ForestSmallCrownLowMontane1000mwNothofag100,49926315.020000,50125788.000000,0,48,0,0,yes,1.000000
1000923,ForestSmallCrownLowMontane1000m100,493036247.740000,494680422.000000,0,470,0,0,yes,1.000000
1000920,ForestSmallCrownLowAltUplands1000m100,68332971.860000,70165666.000000,0,91,0,0,yes,1.000000
1000918,ForestSmallCrown100,23347212.480000,23382721.000000,0,16,0,0,yes,1.000000
1000917,ForestOpenLowAltPlains1000m100,57802767.940000,58976658.000000,0,74,0,0,yes,1.000000
1000915,ForestMediumCrownLowAltUplands1000m100,2604979971.320000,2604977878.000000,0,1717,0,0,yes,0.999999
1000914,ForestLargeCrownLowAltUplands1000m100,17858667.620000,28836995.000000,0,25,0,0,yes,1.000000
1000913,ForestLargecrownLowAltPlains1000m100,49884079.880000,51034788.000000,0,63,0,0,yes,1.000000
1000911,Cultivatedland100,0.000000,21593.000000,0,2,0,0,,1.000000
1000892,ForestMediumCrownLowAltUplands1000m90,16136980.380000,16677742.000000,0,13,0,0,yes,1.000000
1000890,ForestLargecrownLowAltPlains1000m90,886229.040000,1349472.000000,0,2,0,0,yes,1.000000
1000879,RiverinesuccessionswithEucalyptusdeglupta80,1042713.360000,1050867.000000,0,3,0,0,yes,1.000000
1000876,Mixedforest80,2159829.940000,3363694.000000,0,3,0,0,yes,1.000000
1000863,ForestOpenLowAltPlains1000m80,835001.240000,2455886.000000,0,6,0,0,yes,1.000000
1000861,ForestMediumCrownLowAltUplands1000m80,186244659.060000,186558283.000000,0,169,0,0,yes,1.000000
1000859,ForestLargecrownLowAltPlains1000m80,9984209.140000,10441474.000000,0,12,0,0,yes,1.000000
1000850,Volcanicsuccessionsdominatedbyscrub50,609587.020000,803804.000000,0,3,0,0,yes,1.000000
1000848,Urban50,0.000000,27525.000000,0,1,0,0,,1.000000
1000847,TimberPlantation50,0.000000,580130.000000,0,7,0,0,,1.000000
1000844,Swampwoodland50,12463.720000,12863.000000,0,1,0,0,yes,1.000000
1000843,Swampgrassland50,343710.420000,580025.000000,0,6,0,0,yes,1.000000
1000830,RiverinesuccessionswithEucalyptusdeglupta50,924851.680000,955793.000000,0,18,0,0,yes,1.000000
1000826,Riverinesuccessionsdominatedbygrass50,125506.580000,182649.000000,0,3,0,0,yes,1.000000
1000823,Mixedforest50,331836.940000,439653.000000,0,10,0,0,yes,1.000000
1000821,Mangrove50,41701.340000,46085.000000,0,6,0,0,yes,1.000000
1000820,Landuse0450,0.000000,1072261.000000,0,49,0,0,,1.000000
1000819,Lakesandlargerrivers50,20133.780000,59217.000000,0,1,0,0,yes,1.000000
1000818,Herbaceousswamp50,1217.880000,3582.000000,0,1,0,0,yes,1.000000
1000817,Grasslands50,40528.680000,119202.000000,0,1,0,0,yes,1.000000
1000810,ForestVerySmallCrownLowMontane1000mNotho50,303553.700000,590626.000000,0,56,0,0,yes,1.000000
1000808,ForestVerySmallCrownLowMontane1000m50,52564.680000,94143.000000,0,7,0,0,yes,1.000000
1000807,ForestSmallCrownLowMontane1000mwNothofag50,79660.640000,86414.000000,0,11,0,0,yes,1.000000
1000805,ForestSmallCrownLowMontane1000m50,862428.700000,1876192.000000,0,32,0,0,yes,1.000000
1000802,ForestSmallCrownLowAltUplands1000m50,449518.420000,1007933.000000,0,29,0,0,yes,1.000000
1000800,ForestSmallCrown50,15232.000000,16669.000000,0,1,0,0,yes,1.000000
1000799,ForestOpenLowAltPlains1000m50,334832.000000,349598.000000,0,16,0,0,yes,1.000000
1000797,ForestMediumCrownLowAltUplands1000m50,221410536.740000,221586121.000000,0,347,0,0,yes,1.000000
1000796,ForestLargeCrownLowAltUplands1000m50,2836.960000,8344.000000,0,1,0,0,yes,1.000000
1000795,ForestLargecrownLowAltPlains1000m50,550239.680000,571364.000000,0,27,0,0,yes,1.000000
1000793,Cultivatedland50,0.000000,472634.000000,0,7,0,0,,1.000000
1000792,Bare10,0.000000,0.000000,0,0,0,0,,1.000000
1000788,RiverinesuccessionswithEucalyptusdeglupta40,0.000000,1337038.000000,0,3,0,0,,1.000000
1000787,ForestVerySmallCrownLowMontane1000m40,0.000000,19341262.000000,0,21,0,0,,1.000000
1000786,ForestSmallCrownLowMontane1000m40,0.000000,0.000000,0,0,0,0,,1.000000
1000784,ForestOpenLowAltPlains1000m40,0.000000,869335.000000,0,1,0,0,,1.000000
1000782,ForestMediumCrownLowAltUplands1000m40,0.000000,31260084.000000,0,47,0,0,,1.000000
1000781,ForestLargecrownLowAltPlains1000m40,0.000000,4172707.000000,0,7,0,0,,1.000000
1000768,ForestMediumCrownLowAltUplands1000m20,0.000000,5562651.000000,0,3,0,0,,1.000000
1000766,ForestLargecrownLowAltPlains1000m20,0.000000,13203082.000000,0,12,0,0,,1.000000
1000765,Cultivatedland20,0.000000,874055.000000,0,3,0,0,,1.000000
1000759,Volcanicsuccessionsdominatedbyscrub0,0.000000,1299992.000000,0,3,0,0,,1.000000
1000757,Urban0,0.000000,518079.000000,0,1,0,0,,1.000000
1000756,TimberPlantation0,0.000000,1739873.000000,0,9,0,0,,1.000000
1000753,Swampwoodland0,0.000000,2254.000000,0,1,0,0,,1.000000
1000752,Swampgrassland0,0.000000,264553.000000,0,3,0,0,,1.000000
1000739,RiverinesuccessionswithEucalyptusdeglupta0,0.000000,224343.000000,0,13,0,0,,1.000000
1000735,Riverinesuccessionsdominatedbygrass0,0.000000,349217.000000,0,3,0,0,,1.000000
1000732,Mixedforest0,0.000000,536044.000000,0,8,0,0,,1.000000
1000730,Mangrove0,0.000000,124486.000000,0,9,0,0,,1.000000
1000729,Landuse040,0.000000,84780251.000000,0,108,0,0,,1.000000
1000728,Lakesandlargerrivers0,0.000000,88279.000000,0,1,0,0,,1.000000
1000727,Herbaceousswamp0,0.000000,5850.000000,0,1,0,0,,1.000000
1000726,Grasslands0,0.000000,595603.000000,0,1,0,0,,1.000000
1000719,ForestVerySmallCrownLowMontane1000mNotho0,0.000000,557037.000000,0,46,0,0,,1.000000
1000717,ForestVerySmallCrownLowMontane1000m0,0.000000,37393.000000,0,8,0,0,,1.000000
1000716,ForestSmallCrownLowMontane1000mwNothofag0,0.000000,90922.000000,0,6,0,0,,1.000000
1000714,ForestSmallCrownLowMontane1000m0,0.000000,397404.000000,0,27,0,0,,1.000000
1000711,ForestSmallCrownLowAltUplands1000m0,0.000000,1104984.000000,0,30,0,0,,1.000000
1000709,ForestSmallCrown0,0.000000,8334.000000,0,1,0,0,,1.000000
1000708,ForestOpenLowAltPlains1000m0,0.000000,196997.000000,0,13,0,0,,1.000000
1000706,ForestMediumCrownLowAltUplands1000m0,0.000000,11846648.000000,0,235,0,0,,1.000000
1000704,ForestLargecrownLowAltPlains1000m0,0.000000,1167672.000000,0,32,0,0,,1.000000
1000702,Cultivatedland0,0.000000,4992668.000000,0,8,0,0,,1.000000
1000701,Bare0,0.000000,0.000000,0,0,0,0,,1.000000
1000500,climref,554411653.900000,3548464965.000000,0,2134,0,0,yes,1.000000
1000405,Platymantissulcatus,334330796.000000,334381150.000000,0,179,0,0,yes,1.000000
1000404,Platymantisnakanaiorum,138796273.000000,138896282.000000,0,83,0,0,yes,1.000000
1000403,Platymantismamusiorum,19554119.000000,25506294.000000,0,23,0,0,yes,1.000000
1000402,Platymantiscaesiops,87664790.000000,110259345.000000,0,65,0,0,yes,1.000000
1000401,Platymantisbufonulus,267402606.500000,267528686.000000,0,150,0,0,yes,1.000000
1000343,VolcanicRidgeswithSlope510,13483866.370000,39199630.000000,0,57,0,0,yes,1.000000
1000341,VolcanicRidgeswithSlope1020,183512235.120000,489063483.000000,0,442,0,0,yes,1.000000
1000340,VolcanicRidgeswithSlope20,195226399.790000,432646158.000000,0,364,0,0,yes,1.000000
1000339,LeveeplainRiverValleys,14774807.270000,36495087.000000,0,33,0,0,yes,1.000000
1000338,OtherRidgeswithSlope510,8100427.240000,16828037.000000,0,28,0,0,yes,1.000000
1000337,OtherRidgeswithSlope1020,56667015.280000,170015467.000000,0,156,0,0,yes,1.000000
1000336,OtherRidgeswithSlope20,16855013.120000,33278836.000000,0,52,0,0,yes,1.000000
1000335,LimestoneRidgeswithSlope510,172121325.960000,433395150.000000,0,359,0,0,yes,1.000000
1000334,LimestoneRidgeswithSlope25,65489995.220000,110844663.000000,0,91,0,0,yes,1.000000
1000333,LimestoneRidgeswithSlope1020,209801115.020000,448893777.000000,0,425,0,0,yes,1.000000
1000332,LimestoneRidgeswithSlope20,96551707.910000,210705074.000000,0,208,0,0,yes,1.000000
1000331,LimestoneRidgeswithSlope2,2415072.870000,5390758.000000,0,4,0,0,yes,1.000000
1000328,VolcanicFoothillswithSlope510,167002722.180000,249375913.000000,0,257,0,0,yes,1.000000
1000327,VolcanicFoothillswithSlope25,114093057.440000,114227925.000000,0,107,0,0,yes,1.000000
1000326,VolcanicFoothillswithSlope1020,269291736.290000,527681486.000000,0,465,0,0,yes,1.000000
1000325,VolcanicFoothillswithSlope20,34489584.360000,65746492.000000,0,81,0,0,yes,1.000000
1000324,VolcanicFoothillswithSlope2,18423939.040000,18826070.000000,0,33,0,0,yes,1.000000
1000323,OtherFoothillswithSlope510,58005324.300000,119494684.000000,0,112,0,0,yes,1.000000
1000322,OtherFoothillswithSlope25,7098417.660000,7484820.000000,0,15,0,0,yes,1.000000
1000321,OtherFoothillswithSlope1020,97967348.570000,183788634.000000,0,168,0,0,yes,1.000000
1000320,OtherFoothillswithSlope20,17546220.880000,19358703.000000,0,37,0,0,yes,1.000000
1000319,OtherFoothillswithSlope2,1321799.640000,1897536.000000,0,3,0,0,yes,1.000000
1000318,LimestoneFoothillswithSlope510,118908450.410000,158711447.000000,0,157,0,0,yes,1.000000
1000317,LimestoneFoothillswithSlope25,12985841.000000,13085583.000000,0,21,0,0,yes,1.000000
1000316,LimestoneFoothillswithSlope1020,171824344.970000,192503940.000000,0,211,0,0,yes,1.000000
1000315,LimestoneFoothillswithSlope20,27709865.700000,29853243.000000,0,49,0,0,yes,1.000000
1000314,LimestoneFoothillswithSlope20,883100.870000,1843874.000000,0,3,0,0,yes,1.000000
1000309,CoastalplainswithNofloodingorinundation,176968958.240000,277971670.000000,0,198,0,0,yes,1.000000
1000308,CoastalplainswithLongterminundated,6039199.850000,6818427.000000,0,8,0,0,yes,1.000000
1000307,MangrovesFlats,1476888.940000,3239684.000000,0,3,0,0,yes,1.000000
1000306,CoastalCoralFlats,3012251.250000,3154518.000000,0,3,0,0,yes,1.000000
1000305,CoastalBeachSandFlats,119815394.970000,119844078.000000,0,96,0,0,yes,1.000000
1000303,TerraceAlluvialPlains,5335152.840000,12492407.000000,0,18,0,0,yes,1.000000
1000302,CompositeAlluvialPlains,117340650.740000,117584986.000000,0,131,0,0,yes,1.000000
1000301,BarAlluvialPlains,9270999.470000,15607408.000000,0,14,0,0,yes,1.000000
1000111,Crocodilebreedinggrounds,3981312.500000,4269299.000000,0,10,0,0,yes,1.000000
1000110,Dugonghabitat,9967.500000,19935.000000,0,1,0,0,yes,1.000000
1000109,CusCushabitat,5772522.500000,6123693.000000,0,6,0,0,yes,1.000000
1000108,Cassowaryhabitat,1177787.000000,1204928.000000,0,4,0,0,yes,1.000000
1000107,BirdSanctuary,1225393.500000,1484787.000000,0,8,0,0,yes,1.000000
1000106,Turtlenestingbeachmarine,572178.000000,692571.000000,0,2,0,0,yes,1.000000
1000104,Sagopalmareaswamp,742384.500000,765124.000000,0,2,0,0,yes,1.000000
1000103,PandanusMarita,388664.100000,977846.000000,0,2,0,0,yes,1.000000
1000102,PandanusKaruka,471114.600000,712351.000000,0,1,0,0,yes,1.000000
1000101,Churchland,17390847.900000,17478093.000000,0,21,0,0,yes,1.000000
1000098,Caves,12203864.100000,12223697.000000,0,22,0,0,yes,1.000000
1000096,Volcano,0.000000,4634008.000000,0,5,0,0,,1.000000
1000093,Hotspring,1420151.100000,1422006.000000,0,5,0,0,yes,1.000000
1000092,Freshwaterlake,1099267.400000,1439691.000000,0,5,0,0,yes,1.000000
1000090,Villagesmissingnameslocation,0.000000,478215.000000,0,2,0,0,,1.000000
1000089,MissionStations,0.000000,400697.000000,0,1,0,0,,1.000000
1000088,Clams,0.000000,496837.000000,0,1,0,0,,1.000000
1000086,Bechedemerreef,0.000000,175148.000000,0,2,0,0,,1.000000
1000084,Fishnontunaoffshore,0.000000,0.000000,0,0,0,0,,1.000000
1000082,Miningsmallscalealluvial,0.000000,14232157.000000,0,10,0,0,,1.000000
1000081,MiningLimestoneproposed,0.000000,0.000000,0,0,0,0,,1.000000
1000080,Miningproposed,0.000000,0.000000,0,0,0,0,,1.000000
1000079,Miningcurrent,0.000000,6979431.000000,0,8,0,0,,1.000000
1000078,BiologicalResearchStaion,710342.500000,723829.000000,0,2,0,0,yes,1.000000
1000077,ResourceCentreproposed,0.000000,0.000000,0,0,0,0,,1.000000
1000076,ResourceCentreexisting,0.000000,0.000000,0,0,0,0,,1.000000
1000075,Wharfproposed,0.000000,0.000000,0,0,0,0,,1.000000
1000074,Wharfexisting,0.000000,0.000000,0,0,0,0,,1.000000
1000073,Jettiesproposed,0.000000,560090.000000,0,3,0,0,,1.000000
1000072,Jettiesexisting,0.000000,0.000000,0,0,0,0,,1.000000
1000071,Fishmarket,0.000000,0.000000,0,0,0,0,,1.000000
1000070,Markets,0.000000,0.000000,0,0,0,0,,1.000000
1000068,Digicelltower,0.000000,5176631.000000,0,20,0,0,,1.000000
1000067,Roadsproposed,0.000000,0.000000,0,0,0,0,,1.000000
1000065,Reservoirwatersupply,0.000000,0.000000,0,0,0,0,,1.000000
1000064,Hydroelectricpowerproposed,0.000000,730257.000000,0,2,0,0,,1.000000
1000063,Solarpowerplantproposed,0.000000,397883.000000,0,1,0,0,,1.000000
1000062,Powerstationexisting,0.000000,0.000000,0,0,0,0,,1.000000
1000061,IndustrialArea,0.000000,114263.000000,0,1,0,0,,1.000000
1000060,Reforestationproposed,6494836.800000,6494911.000000,0,10,0,0,yes,1.000000
1000058,LoggingproposedTRPFMA,0.000000,0.000000,0,0,0,0,,1.000000
1000057,LoggingexpiredTRPFMA,0.000000,266405945.000000,0,160,0,0,,1.000000
1000056,Loggingcurrent,0.000000,90891949.000000,0,59,0,0,,1.000000
1000055,Forestplanationreforestation,0.000000,0.000000,0,0,0,0,,1.000000
1000055,Forestplanationreforestation,16778577.000000,17574139.000000,0,17,0,0,yes,1.000000
1000054,CertifiedCommunityForest,9699687.900000,18102427.000000,0,18,0,0,yes,1.000000
1000053,Bambooforest,0.000000,0.000000,0,0,0,0,,1.000000
1000052,Balsawoodlots,0.000000,5398437.000000,0,7,0,0,,1.000000
1000051,Forestvirginuntouched,764614467.000000,765075787.000000,0,453,0,0,yes,1.000000
1000050,Nontimberbuildingmaterialforest,0.000000,850725.000000,0,4,0,0,,1.000000
1000049,Megapodeeggs,0.000000,0.000000,0,0,0,0,,1.000000
1000048,HuntingZone,0.000000,178211781.000000,0,124,0,0,,1.000000
1000047,Fishingzonesmarine,0.000000,0.000000,0,0,0,0,,1.000000
1000046,Fishingzonefreshwater,0.000000,44441.000000,0,1,0,0,,1.000000
1000045,FishAggregationDeviseFADs,2464670.500000,2469908.000000,0,11,0,0,yes,1.000000
1000042,Tourismforest,5876063.500000,6031303.000000,0,8,0,0,yes,1.000000
1000041,Tourismcoralreefs,227457.000000,354460.000000,0,4,0,0,yes,1.000000
1000040,Touristtracks,2355573.000000,2618948.000000,0,4,0,0,yes,1.000000
1000038,Guesthouse,0.000000,1951884.000000,0,9,0,0,,1.000000
1000037,Resettlementareafromnaturaldisaster,0.000000,7256538.000000,0,8,0,0,,1.000000
1000036,Floodways,0.000000,0.000000,0,0,0,0,,1.000000
1000035,Disasteraffectedarea,0.000000,251301.000000,0,3,0,0,,1.000000
1000034,ShellTabuMoney,0.000000,652918.000000,0,2,0,0,,1.000000
1000033,WWIIsites,0.000000,2143931.000000,0,4,0,0,,1.000000
1000032,SacredSitesPlesTambu,0.000000,561755.000000,0,4,0,0,,1.000000
1000031,Cemetary,0.000000,352290.000000,0,1,0,0,,1.000000
1000029,WildlifeMngtAreaWMA,21071160.000000,26244108.000000,0,29,0,0,yes,1.000000
1000028,ConservationAreaTerrestrialproposed,844662504.000000,844708803.000000,0,494,0,0,yes,1.000000
1000027,ConservationAreaTerrestrial,69920624.500000,70538189.000000,0,49,0,0,yes,1.000000
1000026,ConservationAreaMarineproposed,1953298.500000,2015348.000000,0,11,0,0,yes,1.000000
1000025,ConservationAreaMarine,488807.500000,846662.000000,0,5,0,0,yes,1.000000
1000024,Mangroves,1276430.400000,1500125.000000,0,6,0,0,yes,1.000000
1000023,Shellsmangroves,12553831.800000,12591132.000000,0,21,0,0,yes,1.000000
1000022,Seagrassbeds,423005.400000,471211.000000,0,1,0,0,yes,1.000000
1000017,Rubberplantationproposed,0.000000,342155.000000,0,1,0,0,,1.000000
1000016,Spiceagriculturalactivity,0.000000,0.000000,0,0,0,0,,1.000000
1000015,Commercialfloriculture,0.000000,0.000000,0,0,0,0,,1.000000
1000014,Researchsites,4795989.300000,4972481.000000,0,13,0,0,yes,1.000000
1000013,OilPlamproposed,0.000000,173039571.000000,0,113,0,0,,1.000000
1000012,OilPalmexisting,0.000000,128504014.000000,0,106,0,0,,1.000000
1000010,Introducedcrops,0.000000,747035.000000,0,2,0,0,,1.000000
1000009,FruitandVeggiefarming,0.000000,3009239.000000,0,8,0,0,,1.000000
1000008,Fishfarmpond,0.000000,0.000000,0,0,0,0,,1.000000
1000007,CattlefarmPigfarmChickenfarm,0.000000,5709869.000000,0,13,0,0,,1.000000
1000006,CashcropsVanilla,0.000000,0.000000,0,0,0,0,,1.000000
1000005,Cashcropscoconut,0.000000,10536402.000000,0,18,0,0,,1.000000
1000004,Cashcropscocoa,0.000000,18188402.000000,0,41,0,0,,1.000000
1000003,CashCropCoffee,0.000000,6862860.000000,0,10,0,0,,1.000000
1000002,BeetleNutFarm,0.000000,2872929.000000,0,13,0,0,,1.000000
1000001,StatelandGovtland,0.000000,19406902.000000,0,14,0,0,,1.000000
1000000,random,0.000000,1837894.000000,0,2,0,0,,1.000000
4673,GeneralizedBarrier,456578.600000,991663.000000,0,2,0,0,yes,1.000000
4672,GeneralizedFringing,6283155.600000,10206592.000000,0,56,0,0,yes,1.000000
4671,GeneralizedLagoon,2701846.600000,6106623.000000,0,10,0,0,yes,1.000000
4670,GeneralizedPatch,1453054.800000,2708718.000000,0,18,0,0,yes,1.000000
4657,OuterBarrierReefComplexreefflat,314005.400000,709450.000000,0,2,0,0,yes,1.000000
4656,OuterBarrierReefComplexpass,51239.800000,176309.000000,0,2,0,0,yes,1.000000
4655,OuterBarrierReefComplexforereef,91333.400000,105904.000000,0,2,0,0,yes,1.000000
4644,Oceanexposedfringingshallowterrace,31150.300000,57261.000000,0,3,0,0,yes,1.000000
4643,Oceanexposedfringingreefflat,2749575.700000,4295380.000000,0,35,0,0,yes,1.000000
4642,Oceanexposedfringingforereef,1249788.500000,1989298.000000,0,26,0,0,yes,1.000000
4641,Oceanexposedfringingenclosedlagoonorbasin,126597.600000,178782.000000,0,2,0,0,yes,1.000000
4640,Oceanexposedfringingdeepterrace,90396.000000,186375.000000,0,3,0,0,yes,1.000000
4639,Oceanexposedfringingchannel,2698.600000,26986.000000,0,1,0,0,yes,1.000000
4638,Lagoonexposedfringingshallowterrace,4584.300000,45843.000000,0,1,0,0,yes,1.000000
4637,Lagoonexposedfringingreefflat,208288.300000,261625.000000,0,7,0,0,yes,1.000000
4635,Intraseasexposedfringingshallowterrace,4232.000000,42320.000000,0,1,0,0,yes,1.000000
4634,Intraseasexposedfringingreefflat,377611.300000,773075.000000,0,5,0,0,yes,1.000000
4633,Intraseasexposedfringingforereef,24529.500000,114856.000000,0,1,0,0,yes,1.000000
4629,Diffusefringingdiffusefringing,134011.500000,167635.000000,0,4,0,0,yes,1.000000
4626,BarrierFringingReefComplexshallowterrace,44041.700000,228785.000000,0,1,0,0,yes,1.000000
4625,BarrierFringingReefComplexreefflat,815591.500000,1106554.000000,0,4,0,0,yes,1.000000
4624,BarrierFringingReefComplexpass,289020.100000,289759.000000,0,4,0,0,yes,1.000000
4622,BarrierFringingReefComplexenclosedbasin,131038.700000,442058.000000,0,1,0,0,yes,1.000000
4619,Continentallagoondeeplagoon,2701846.600000,6106623.000000,0,10,0,0,yes,1.000000
4618,Shelfpatchreefcomplexsubtidalreefflat,233751.400000,386528.000000,0,3,0,0,yes,1.000000
4616,Shelfpatchreefcomplexreefflat,756735.700000,1490309.000000,0,8,0,0,yes,1.000000
4615,Shelfpatchreefcomplexforereef,134398.000000,156318.000000,0,5,0,0,yes,1.000000
4614,Shelfpatchreefcomplexenclosedbasin,9080.500000,90805.000000,0,1,0,0,yes,1.000000
4612,Intraseaspatchreefcomplexsubtidalreefflat,47166.900000,61364.000000,0,3,0,0,yes,1.000000
4610,Intraseaspatchreefcomplexreefflat,77877.000000,161412.000000,0,3,0,0,yes,1.000000
4608,Intraseaspatchreefcomplexforereef,22185.300000,64267.000000,0,1,0,0,yes,1.000000
4601,Intralagoonpatchreefcomplexreefflat,171860.000000,297715.000000,0,5,0,0,yes,1.000000
3673,GeneralizedBarrier,133354.600000,800461.000000,0,2,0,0,yes,1.000000
3672,GeneralizedFringing,6568302.800000,8581762.000000,0,16,0,0,yes,1.000000
3671,GeneralizedLagoon,1381096.100000,2098306.000000,0,5,0,0,yes,1.000000
3670,GeneralizedPatch,483526.800000,1980897.000000,0,9,0,0,yes,1.000000
3658,OuterBarrierReefComplexsubtidalreefflat,14947.200000,138667.000000,0,1,0,0,yes,1.000000
3656,OuterBarrierReefComplexpass,22691.000000,165680.000000,0,1,0,0,yes,1.000000
3649,CoastalBarrierReefComplexreefflat,67172.600000,351291.000000,0,2,0,0,yes,1.000000
3647,CoastalBarrierReefComplexforereef,28543.800000,144823.000000,0,2,0,0,yes,1.000000
3643,Oceanexposedfringingreefflat,864248.000000,1037285.000000,0,5,0,0,yes,1.000000
3642,Oceanexposedfringingforereef,659453.100000,716035.000000,0,4,0,0,yes,1.000000
3641,Oceanexposedfringingenclosedlagoonorbasin,18099.000000,134822.000000,0,2,0,0,yes,1.000000
3638,Lagoonexposedfringingshallowterrace,85290.000000,139497.000000,0,1,0,0,yes,1.000000
3637,Lagoonexposedfringingreefflat,363225.200000,416480.000000,0,3,0,0,yes,1.000000
3635,Intraseasexposedfringingshallowterrace,2813531.200000,2949424.000000,0,7,0,0,yes,1.000000
3634,Intraseasexposedfringingreefflat,491361.100000,606403.000000,0,4,0,0,yes,1.000000
3633,Intraseasexposedfringingforereef,602497.100000,636094.000000,0,6,0,0,yes,1.000000
3629,Diffusefringingdiffusefringing,43311.200000,48696.000000,0,1,0,0,yes,1.000000
3626,BarrierFringingReefComplexshallowterrace,59981.300000,495986.000000,0,2,0,0,yes,1.000000
3625,BarrierFringingReefComplexreefflat,366105.200000,1012970.000000,0,3,0,0,yes,1.000000
3623,BarrierFringingReefComplexforereef,191653.800000,292604.000000,0,2,0,0,yes,1.000000
3622,BarrierFringingReefComplexenclosedbasin,9546.600000,95466.000000,0,1,0,0,yes,1.000000
3621,Islandlagoondeeplagoon,1263769.100000,1740670.000000,0,3,0,0,yes,1.000000
3620,Continentallagoonshallowlagoonwithconstructions,117327.000000,357636.000000,0,2,0,0,yes,1.000000
3617,Shelfpatchreefcomplexshallowterrace,13509.100000,134654.000000,0,1,0,0,yes,1.000000
3616,Shelfpatchreefcomplexreefflat,140580.400000,591593.000000,0,3,0,0,yes,1.000000
3615,Shelfpatchreefcomplexforereef,23863.300000,122454.000000,0,1,0,0,yes,1.000000
3612,Intraseaspatchreefcomplexsubtidalreefflat,16929.500000,42320.000000,0,1,0,0,yes,1.000000
3610,Intraseaspatchreefcomplexreefflat,114649.400000,200319.000000,0,3,0,0,yes,1.000000
3608,Intraseaspatchreefcomplexforereef,70698.800000,121793.000000,0,1,0,0,yes,1.000000
3602,Intralagoonpatchreefcomplexshallowterrace,78714.400000,713053.000000,0,1,0,0,yes,1.000000
3601,Intralagoonpatchreefcomplexreefflat,24581.900000,54711.000000,0,2,0,0,yes,1.000000
2673,GeneralizedBarrier,5237072.600000,7416890.000000,0,26,0,0,yes,1.000000
2672,GeneralizedFringing,19171544.400000,21043420.000000,0,68,0,0,yes,1.000000
2671,GeneralizedLagoon,4532147.000000,6165405.000000,0,6,0,0,yes,1.000000
2670,GeneralizedPatch,10599149.500000,11828642.000000,0,90,0,0,yes,1.000000
2658,OuterBarrierReefComplexsubtidalreefflat,701955.500000,720145.000000,0,8,0,0,yes,1.000000
2657,OuterBarrierReefComplexreefflat,1601218.100000,1709894.000000,0,14,0,0,yes,1.000000
2656,OuterBarrierReefComplexpass,154465.200000,201639.000000,0,1,0,0,yes,1.000000
2655,OuterBarrierReefComplexforereef,619964.200000,653577.000000,0,7,0,0,yes,1.000000
2654,OuterBarrierReefComplexenclosedbasin,23040.800000,63722.000000,0,1,0,0,yes,1.000000
2651,CoastalBarrierReefComplexshallowterracewithconstructions,108498.700000,202303.000000,0,1,0,0,yes,1.000000
2650,CoastalBarrierReefComplexshallowterrace,110250.300000,449058.000000,0,1,0,0,yes,1.000000
2649,CoastalBarrierReefComplexreefflat,1194088.800000,1908178.000000,0,7,0,0,yes,1.000000
2648,CoastalBarrierReefComplexpass,44892.400000,58478.000000,0,1,0,0,yes,1.000000
2647,CoastalBarrierReefComplexforereef,65116.800000,126579.000000,0,2,0,0,yes,1.000000
2646,CoastalBarrierReefComplexenclosedlagoon,282214.800000,362443.000000,0,2,0,0,yes,1.000000
2645,CoastalBarrierReefComplexenclosedbasin,331367.000000,960874.000000,0,3,0,0,yes,1.000000
2638,Lagoonexposedfringingshallowterrace,377530.500000,435628.000000,0,3,0,0,yes,1.000000
2637,Lagoonexposedfringingreefflat,351703.100000,367702.000000,0,4,0,0,yes,1.000000
2635,Intraseasexposedfringingshallowterrace,1888853.600000,1914400.000000,0,12,0,0,yes,1.000000
2634,Intraseasexposedfringingreefflat,8380464.900000,8401071.000000,0,44,0,0,yes,1.000000
2633,Intraseasexposedfringingforereef,1337208.100000,1406683.000000,0,13,0,0,yes,1.000000
2632,Intraseasexposedfringingenclosedlagoonorbasins,159900.200000,218204.000000,0,3,0,0,yes,1.000000
2631,Fringingofcoastalbarriercomplexdiffusefringing,507504.000000,772369.000000,0,3,0,0,yes,1.000000
2629,Diffusefringingdiffusefringing,4458449.200000,5742211.000000,0,16,0,0,yes,1.000000
2628,Coastalfringingpatchforereef,5209.600000,12073.000000,0,1,0,0,yes,1.000000
2627,Bayexposedfringingbayexposedfringing,1704721.200000,1773079.000000,0,5,0,0,yes,1.000000
2621,Islandlagoondeeplagoon,185182.700000,487547.000000,0,1,0,0,yes,1.000000
2619,Continentallagoondeeplagoon,4346964.300000,5677858.000000,0,5,0,0,yes,1.000000
2618,Shelfpatchreefcomplexsubtidalreefflat,119511.600000,124177.000000,0,3,0,0,yes,1.000000
2616,Shelfpatchreefcomplexreefflat,153618.400000,299720.000000,0,3,0,0,yes,1.000000
2615,Shelfpatchreefcomplexforereef,84175.000000,100728.000000,0,1,0,0,yes,1.000000
2614,Shelfpatchreefcomplexenclosedbasin,3776.400000,37764.000000,0,1,0,0,yes,1.000000
2612,Intraseaspatchreefcomplexsubtidalreefflat,1684545.400000,1685390.000000,0,43,0,0,yes,1.000000
2610,Intraseaspatchreefcomplexreefflat,4727063.700000,4754491.000000,0,38,0,0,yes,1.000000
2609,Intraseaspatchreefcomplexhaasubtidalreefflat,97090.400000,148183.000000,0,3,0,0,yes,1.000000
2608,Intraseaspatchreefcomplexforereef,730935.400000,764314.000000,0,12,0,0,yes,1.000000
2607,Intraseaspatchreefcomplexfaroreefflat,632447.100000,1235567.000000,0,5,0,0,yes,1.000000
2606,Intraseaspatchreefcomplexfaroenclosedlagoon,1052758.600000,1173747.000000,0,4,0,0,yes,1.000000
2605,Intraseaspatchreefcomplexenclosedbasin,14026.200000,28935.000000,0,4,0,0,yes,1.000000
2603,Intralagoonpatchreefcomplexsubtidalreefflat,104558.900000,212910.000000,0,4,0,0,yes,1.000000
2601,Intralagoonpatchreefcomplexreefflat,424731.200000,485516.000000,0,8,0,0,yes,1.000000
2600,Coastalfringingpatchreefflat,770630.200000,777200.000000,0,3,0,0,yes,1.000000
1673,GeneralizedBarrier,1103396.900000,1407258.000000,0,7,0,0,yes,1.000000
1672,GeneralizedFringing,5753685.300000,14224516.000000,0,58,0,0,yes,1.000000
1670,GeneralizedPatch,6245158.500000,8380327.000000,0,45,0,0,yes,1.000000
1658,OuterBarrierReefComplexsubtidalreefflat,511973.700000,521022.000000,0,3,0,0,yes,1.000000
1657,OuterBarrierReefComplexreefflat,288554.700000,348824.000000,0,3,0,0,yes,1.000000
1655,OuterBarrierReefComplexforereef,247893.400000,410059.000000,0,2,0,0,yes,1.000000
1653,OuterBarrierReefComplexbarrierreefpinnaclepatch,6481.400000,21605.000000,0,1,0,0,yes,1.000000
1652,FaroBarrierReefComplexforereef,48493.700000,105748.000000,0,1,0,0,yes,1.000000
1643,Oceanexposedfringingreefflat,125248.300000,176424.000000,0,1,0,0,yes,1.000000
1637,Lagoonexposedfringingreefflat,529330.600000,1951408.000000,0,13,0,0,yes,1.000000
1636,Lagoonexposedfringingforereef,69000.200000,134695.000000,0,3,0,0,yes,1.000000
1635,Intraseasexposedfringingshallowterrace,194598.100000,424966.000000,0,2,0,0,yes,1.000000
1634,Intraseasexposedfringingreefflat,3286180.600000,7954524.000000,0,39,0,0,yes,1.000000
1632,Intraseasexposedfringingenclosedlagoonorbasins,398307.100000,836481.000000,0,5,0,0,yes,1.000000
1630,Fringingofbarrierfringingcomplexshallowterrace,28340.300000,156325.000000,0,1,0,0,yes,1.000000
1629,Diffusefringingdiffusefringing,1000769.700000,2403260.000000,0,18,0,0,yes,1.000000
1626,BarrierFringingReefComplexshallowterrace,32659.400000,95541.000000,0,1,0,0,yes,1.000000
1625,BarrierFringingReefComplexreefflat,89251.000000,90892.000000,0,2,0,0,yes,1.000000
1618,Shelfpatchreefcomplexsubtidalreefflat,506806.500000,507946.000000,0,4,0,0,yes,1.000000
1613,Shelfpatchreefcomplexdeepterrace,1164764.900000,1286344.000000,0,4,0,0,yes,1.000000
1612,Intraseaspatchreefcomplexsubtidalreefflat,944674.700000,945114.000000,0,22,0,0,yes,1.000000
1611,Intraseaspatchreefcomplexshallowterrace,102844.900000,178595.000000,0,2,0,0,yes,1.000000
1610,Intraseaspatchreefcomplexreefflat,2547467.500000,3626197.000000,0,18,0,0,yes,1.000000
1608,Intraseaspatchreefcomplexforereef,220567.100000,237707.000000,0,1,0,0,yes,1.000000
1605,Intraseaspatchreefcomplexenclosedbasin,82952.800000,347169.000000,0,1,0,0,yes,1.000000
1604,Intraseaspatchreefcomplexchannel,479595.900000,702091.000000,0,1,0,0,yes,1.000000
1603,Intralagoonpatchreefcomplexsubtidalreefflat,40032.300000,75568.000000,0,4,0,0,yes,1.000000
1601,Intralagoonpatchreefcomplexreefflat,155451.900000,473596.000000,0,5,0,0,yes,1.000000
