"Conservation Feature","Feature Name","Target","Amount Held","Occurrence Target ","Occurrences Held","Separation Target ","Separation Achieved","Target Met","MPM"
2000968,Volcanicsuccessionsdominatedbywoodland100,8968015.780000,21531900.000000,0,18,0,0,yes,1.000000
2000967,Volcanicsuccessionsdominatedbyscrub100,22860710.560000,23602723.000000,0,31,0,0,yes,1.000000
2000966,Volcanicsuccessionsdominatedbygrass100,731769.080000,1334828.000000,0,6,0,0,yes,1.000000
2000965,Urban100,0.000000,998.000000,0,1,0,0,,1.000000
2000964,TimberPlantation100,10118765.840000,12935866.000000,0,10,0,0,yes,1.000000
2000961,Swampwoodland100,94917804.080000,165992862.000000,0,184,0,0,yes,1.000000
2000960,Swampgrassland100,2731165.600000,6732527.000000,0,12,0,0,yes,1.000000
2000957,SwampforestwithCampnosperma100,15142310.720000,24204315.000000,0,43,0,0,yes,1.000000
2000955,Swamp100,55623349.920000,94461284.000000,0,137,0,0,yes,1.000000
2000953,SeralForestVolcanicsuccessions100,27412781.520000,31569130.000000,0,34,0,0,yes,1.000000
2000952,Scrub100,3883653.060000,4074616.000000,0,13,0,0,yes,1.000000
2000947,RiverinesuccessionswithEucalyptusdeglupta100,24485008.200000,25866224.000000,0,60,0,0,yes,1.000000
2000944,Riverinesuccessionsdominatedbywoodland100,1237214.440000,1542504.000000,0,5,0,0,yes,1.000000
2000941,Oilpalm100,0.000000,95829007.000000,0,101,0,0,,1.000000
2000940,Mixedforest100,4956992.600000,5018536.000000,0,7,0,0,yes,1.000000
2000938,Mangrove100,45769455.640000,45776388.000000,0,139,0,0,yes,1.000000
2000937,Lakesandlargerrivers100,3494124.580000,5195048.000000,0,40,0,0,yes,1.000000
2000936,Herbaceousswamp100,22134501.840000,55806199.000000,0,71,0,0,yes,1.000000
2000935,Grasslands100,573343.020000,1472015.000000,0,7,0,0,yes,1.000000
2000934,Grasslandwithsomeforest100,10700492.240000,12924852.000000,0,13,0,0,yes,1.000000
2000933,Grasslandrevertingtoforest100,462012.060000,745672.000000,0,3,0,0,yes,1.000000
2000931,ForestwithCasuarinaequisetifoliaLittoral100,568292.660000,713095.000000,0,2,0,0,yes,1.000000
2000928,ForestVerySmallCrownLowMontane1000mNotho100,28448717.320000,72417246.000000,0,65,0,0,yes,1.000000
2000926,ForestVerySmallCrownLowMontane1000m100,41197124.760000,41273144.000000,0,53,0,0,yes,1.000000
2000925,ForestSmallCrownLowMontane1000mwNothofag100,4637271.220000,6108945.000000,0,6,0,0,yes,1.000000
2000923,ForestSmallCrownLowMontane1000m100,155167616.280000,183594853.000000,0,211,0,0,yes,1.000000
2000920,ForestSmallCrownLowAltUplands1000m100,308177647.980000,328587987.000000,0,216,0,0,yes,1.000000
2000919,ForestSmallCrownLowAltPlains1000m100,2834048.580000,3860842.000000,0,8,0,0,yes,1.000000
2000918,ForestSmallCrown100,93703916.700000,103730040.000000,0,83,0,0,yes,1.000000
2000917,ForestOpenLowAltPlains1000m100,155153306.360000,155318029.000000,0,179,0,0,yes,1.000000
2000915,ForestMediumCrownLowAltUplands1000m100,3269326579.060000,3269580830.000000,0,2154,0,0,yes,1.000000
2000914,ForestLargeCrownLowAltUplands1000m100,118445695.620000,118544007.000000,0,109,0,0,yes,1.000000
2000913,ForestLargecrownLowAltPlains1000m100,181585292.600000,182040023.000000,0,199,0,0,yes,1.000000
2000911,Cultivatedland100,0.000000,11058412.000000,0,21,0,0,,1.000000
2000905,RiverinesuccessionswithEucalyptusdeglupta90,1508090.060000,1845544.000000,0,4,0,0,yes,1.000000
2000904,Oilpalm90,0.000000,0.000000,0,0,0,0,,1.000000
2000896,ForestSmallCrownLowAltUplands1000m90,19617706.240000,19626023.000000,0,20,0,0,yes,1.000000
2000894,ForestOpenLowAltPlains1000m90,49221104.020000,49999989.000000,0,31,0,0,yes,1.000000
2000892,ForestMediumCrownLowAltUplands1000m90,668708594.220000,668914802.000000,0,535,0,0,yes,1.000000
2000891,ForestLargeCrownLowAltUplands1000m90,34750403.800000,35126387.000000,0,34,0,0,yes,1.000000
2000890,ForestLargecrownLowAltPlains1000m90,27062255.460000,27126431.000000,0,28,0,0,yes,1.000000
2000879,RiverinesuccessionswithEucalyptusdeglupta80,1723513.720000,3278726.000000,0,7,0,0,yes,1.000000
2000877,Oilpalm80,0.000000,350277.000000,0,2,0,0,,1.000000
2000866,ForestSmallCrownLowAltUplands1000m80,3115334.660000,4158712.000000,0,3,0,0,yes,1.000000
2000863,ForestOpenLowAltPlains1000m80,46636626.660000,46681206.000000,0,57,0,0,yes,1.000000
2000861,ForestMediumCrownLowAltUplands1000m80,365187871.160000,365501359.000000,0,342,0,0,yes,1.000000
2000860,ForestLargeCrownLowAltUplands1000m80,10760328.840000,11828773.000000,0,14,0,0,yes,1.000000
2000859,ForestLargecrownLowAltPlains1000m80,32893028.000000,33372059.000000,0,28,0,0,yes,1.000000
2000857,Cultivatedland80,0.000000,0.000000,0,0,0,0,,1.000000
2000851,Volcanicsuccessionsdominatedbywoodland50,90508.680000,243833.000000,0,8,0,0,yes,1.000000
2000850,Volcanicsuccessionsdominatedbyscrub50,933537.660000,2493535.000000,0,21,0,0,yes,1.000000
2000849,Volcanicsuccessionsdominatedbygrass50,299823.900000,746296.000000,0,8,0,0,yes,1.000000
2000848,Urban50,0.000000,50220.000000,0,2,0,0,,1.000000
2000847,TimberPlantation50,0.000000,18660.000000,0,2,0,0,,1.000000
2000844,Swampwoodland50,356892.900000,438449.000000,0,23,0,0,yes,1.000000
2000843,Swampgrassland50,67046.640000,170938.000000,0,5,0,0,yes,1.000000
2000840,SwampforestwithCampnosperma50,21054.160000,40385.000000,0,5,0,0,yes,1.000000
2000838,Swamp50,111377.200000,120294.000000,0,10,0,0,yes,1.000000
2000836,SeralForestVolcanicsuccessions50,52423.580000,52625.000000,0,5,0,0,yes,1.000000
2000830,RiverinesuccessionswithEucalyptusdeglupta50,532972.440000,563186.000000,0,25,0,0,yes,1.000000
2000824,Oilpalm50,0.000000,2584698.000000,0,39,0,0,,1.000000
2000823,Mixedforest50,2685.320000,6359.000000,0,1,0,0,yes,1.000000
2000821,Mangrove50,220383.240000,234063.000000,0,21,0,0,yes,1.000000
2000820,Landuse0450,0.000000,829129.000000,0,18,0,0,,1.000000
2000819,Lakesandlargerrivers50,128946.020000,358617.000000,0,14,0,0,yes,1.000000
2000818,Herbaceousswamp50,1615869.040000,4349834.000000,0,34,0,0,yes,1.000000
2000817,Grasslands50,188816.280000,483059.000000,0,6,0,0,yes,1.000000
2000816,Grasslandwithsomeforest50,2346094.180000,2371147.000000,0,13,0,0,yes,1.000000
2000815,Grasslandrevertingtoforest50,12411.360000,34394.000000,0,2,0,0,yes,1.000000
2000810,ForestVerySmallCrownLowMontane1000mNotho50,57206.700000,168255.000000,0,13,0,0,yes,1.000000
2000808,ForestVerySmallCrownLowMontane1000m50,299605.960000,752227.000000,0,19,0,0,yes,1.000000
2000807,ForestSmallCrownLowMontane1000mwNothofag50,9278.260000,27289.000000,0,2,0,0,yes,1.000000
2000805,ForestSmallCrownLowMontane1000m50,246787.640000,471299.000000,0,27,0,0,yes,1.000000
2000802,ForestSmallCrownLowAltUplands1000m50,111907.600000,244862.000000,0,8,0,0,yes,1.000000
2000801,ForestSmallCrownLowAltPlains1000m50,18446.360000,21904.000000,0,4,0,0,yes,1.000000
2000800,ForestSmallCrown50,14156.920000,16644.000000,0,2,0,0,yes,1.000000
2000799,ForestOpenLowAltPlains1000m50,4683025.700000,4769401.000000,0,74,0,0,yes,1.000000
2000797,ForestMediumCrownLowAltUplands1000m50,58983546.800000,59120645.000000,0,405,0,0,yes,1.000000
2000796,ForestLargeCrownLowAltUplands1000m50,16805275.540000,16801994.000000,0,34,0,0,yes,0.999805
2000795,ForestLargecrownLowAltPlains1000m50,1183658.320000,1187674.000000,0,72,0,0,yes,1.000000
2000793,Cultivatedland50,0.000000,171112.000000,0,8,0,0,,1.000000
2000792,Bare10,0.000000,0.000000,0,0,0,0,,1.000000
2000791,TimberPlantation40,0.000000,0.000000,0,0,0,0,,1.000000
2000784,ForestOpenLowAltPlains1000m40,0.000000,4910451.000000,0,7,0,0,,1.000000
2000782,ForestMediumCrownLowAltUplands1000m40,0.000000,6730188.000000,0,14,0,0,,1.000000
2000781,ForestLargecrownLowAltPlains1000m40,0.000000,0.000000,0,0,0,0,,1.000000
2000774,Oilpalm20,0.000000,3563036.000000,0,5,0,0,,1.000000
2000767,ForestLargeCrownLowAltUplands1000m20,0.000000,4579642.000000,0,7,0,0,,1.000000
2000766,ForestLargecrownLowAltPlains1000m20,0.000000,8356863.000000,0,9,0,0,,1.000000
2000764,Bare10,0.000000,0.000000,0,0,0,0,,1.000000
2000763,Oilpalm10,0.000000,0.000000,0,0,0,0,,1.000000
2000762,ForestMediumCrownLowAltUplands1000m10,0.000000,434223.000000,0,1,0,0,,1.000000
2000760,Volcanicsuccessionsdominatedbywoodland0,0.000000,435588.000000,0,6,0,0,,1.000000
2000759,Volcanicsuccessionsdominatedbyscrub0,0.000000,6273110.000000,0,19,0,0,,1.000000
2000758,Volcanicsuccessionsdominatedbygrass0,0.000000,5650362.000000,0,8,0,0,,1.000000
2000757,Urban0,0.000000,289640.000000,0,2,0,0,,1.000000
2000756,TimberPlantation0,0.000000,8346.000000,0,1,0,0,,1.000000
2000753,Swampwoodland0,0.000000,619194.000000,0,32,0,0,,1.000000
2000752,Swampgrassland0,0.000000,33356.000000,0,1,0,0,,1.000000
2000749,SwampforestwithCampnosperma0,0.000000,35770.000000,0,3,0,0,,1.000000
2000747,Swamp0,0.000000,89436.000000,0,11,0,0,,1.000000
2000745,SeralForestVolcanicsuccessions0,0.000000,106635.000000,0,5,0,0,,1.000000
2000744,Scrub0,0.000000,12148.000000,0,3,0,0,,1.000000
2000739,RiverinesuccessionswithEucalyptusdeglupta0,0.000000,1135311.000000,0,34,0,0,,1.000000
2000736,Riverinesuccessionsdominatedbywoodland0,0.000000,32110.000000,0,3,0,0,,1.000000
2000733,Oilpalm0,0.000000,7341789.000000,0,42,0,0,,1.000000
2000732,Mixedforest0,0.000000,4137.000000,0,1,0,0,,1.000000
2000730,Mangrove0,0.000000,1114977.000000,0,67,0,0,,1.000000
2000729,Landuse040,0.000000,40652354.000000,0,76,0,0,,1.000000
2000728,Lakesandlargerrivers0,0.000000,10277573.000000,0,33,0,0,,1.000000
2000727,Herbaceousswamp0,0.000000,955269.000000,0,27,0,0,,1.000000
2000726,Grasslands0,0.000000,3660622.000000,0,6,0,0,,1.000000
2000725,Grasslandwithsomeforest0,0.000000,2299399.000000,0,14,0,0,,1.000000
2000724,Grasslandrevertingtoforest0,0.000000,68460.000000,0,2,0,0,,1.000000
2000722,ForestwithCasuarinaequisetifoliaLittoral0,0.000000,1142.000000,0,2,0,0,,1.000000
2000719,ForestVerySmallCrownLowMontane1000mNotho0,0.000000,275422.000000,0,16,0,0,,1.000000
2000717,ForestVerySmallCrownLowMontane1000m0,0.000000,1443911.000000,0,21,0,0,,1.000000
2000716,ForestSmallCrownLowMontane1000mwNothofag0,0.000000,25019.000000,0,2,0,0,,1.000000
2000714,ForestSmallCrownLowMontane1000m0,0.000000,503836.000000,0,22,0,0,,1.000000
2000711,ForestSmallCrownLowAltUplands1000m0,0.000000,370968.000000,0,9,0,0,,1.000000
2000710,ForestSmallCrownLowAltPlains1000m0,0.000000,0.000000,0,0,0,0,,1.000000
2000709,ForestSmallCrown0,0.000000,0.000000,0,0,0,0,,1.000000
2000708,ForestOpenLowAltPlains1000m0,0.000000,3689007.000000,0,106,0,0,,1.000000
2000706,ForestMediumCrownLowAltUplands1000m0,0.000000,10940338.000000,0,416,0,0,,1.000000
2000705,ForestLargeCrownLowAltUplands1000m0,0.000000,1871470.000000,0,27,0,0,,1.000000
2000704,ForestLargecrownLowAltPlains1000m0,0.000000,2762621.000000,0,82,0,0,,1.000000
2000702,Cultivatedland0,0.000000,214999.000000,0,8,0,0,,1.000000
2000701,Bare0,0.000000,0.000000,0,0,0,0,,1.000000
2000500,climref,869876525.200000,5437543837.000000,0,3143,0,0,yes,1.000000
2000404,Platymantisnakanaiorum,190757282.000000,216458467.000000,0,124,0,0,yes,1.000000
2000403,Platymantismamusiorum,68095335.500000,108144462.000000,0,65,0,0,yes,1.000000
2000345,WetlandswithBackswamps,47416356.310000,234742429.000000,0,169,0,0,yes,1.000000
2000344,UndifferentiatedWetlands,37769130.350000,64937255.000000,0,57,0,0,yes,1.000000
2000343,VolcanicRidgeswithSlope510,34800701.700000,100744931.000000,0,114,0,0,yes,1.000000
2000342,VolcanicRidgeswithSlope25,2442112.050000,11917745.000000,0,13,0,0,yes,1.000000
2000341,VolcanicRidgeswithSlope1020,198988393.370000,481669784.000000,0,436,0,0,yes,1.000000
2000340,VolcanicRidgeswithSlope20,88935264.040000,176961823.000000,0,174,0,0,yes,1.000000
2000339,LeveeplainRiverValleys,41061056.760000,61344541.000000,0,57,0,0,yes,1.000000
2000337,OtherRidgeswithSlope1020,8319525.110000,44542366.000000,0,43,0,0,yes,1.000000
2000336,OtherRidgeswithSlope20,2279594.430000,5278605.000000,0,8,0,0,yes,1.000000
2000335,LimestoneRidgeswithSlope510,26805359.450000,103430822.000000,0,95,0,0,yes,1.000000
2000334,LimestoneRidgeswithSlope25,8103754.820000,47407218.000000,0,48,0,0,yes,1.000000
2000333,LimestoneRidgeswithSlope1020,45701233.790000,104719498.000000,0,110,0,0,yes,1.000000
2000332,LimestoneRidgeswithSlope20,25241389.710000,100232737.000000,0,86,0,0,yes,1.000000
2000330,Lakes,9548452.730000,10102273.000000,0,11,0,0,yes,1.000000
2000329,random,22761.810000,104983.000000,0,2,0,0,yes,1.000000
2000328,VolcanicFoothillswithSlope510,414600029.680000,717538948.000000,0,636,0,0,yes,1.000000
2000327,VolcanicFoothillswithSlope25,232016911.370000,254510021.000000,0,279,0,0,yes,1.000000
2000326,VolcanicFoothillswithSlope1020,432875897.530000,809400948.000000,0,719,0,0,yes,1.000000
2000325,VolcanicFoothillswithSlope20,41010631.360000,49031943.000000,0,78,0,0,yes,1.000000
2000324,VolcanicFoothillswithSlope2,54279441.950000,54885162.000000,0,77,0,0,yes,1.000000
2000323,OtherFoothillswithSlope510,201559517.570000,359642830.000000,0,306,0,0,yes,1.000000
2000322,OtherFoothillswithSlope25,159879910.710000,208567190.000000,0,194,0,0,yes,1.000000
2000321,OtherFoothillswithSlope1020,44356842.170000,141375231.000000,0,125,0,0,yes,1.000000
2000320,OtherFoothillswithSlope20,3840559.760000,4758879.000000,0,7,0,0,yes,1.000000
2000319,OtherFoothillswithSlope2,7471601.490000,7473050.000000,0,10,0,0,yes,1.000000
2000318,LimestoneFoothillswithSlope510,179485585.540000,388028870.000000,0,336,0,0,yes,1.000000
2000317,LimestoneFoothillswithSlope25,282113935.460000,674471558.000000,0,514,0,0,yes,1.000000
2000316,LimestoneFoothillswithSlope1020,44122233.840000,60154387.000000,0,78,0,0,yes,1.000000
2000315,LimestoneFoothillswithSlope20,5362734.490000,12220754.000000,0,15,0,0,yes,1.000000
2000314,LimestoneFoothillswithSlope20,44322253.970000,115674643.000000,0,133,0,0,yes,1.000000
2000313,AcidIgneousFoothillswithSlope510,2906208.820000,6338079.000000,0,9,0,0,yes,1.000000
2000312,AcidIgneousFoothillswithSlope25,605478.800000,3561640.000000,0,7,0,0,yes,1.000000
2000311,AcidIgneousFoothillswithSlope1020,8125188.250000,8204247.000000,0,12,0,0,yes,1.000000
2000309,CoastalplainswithNofloodingorinundation,216591750.910000,502340936.000000,0,353,0,0,yes,1.000000
2000307,MangrovesFlats,28298357.930000,45971572.000000,0,83,0,0,yes,1.000000
2000306,CoastalCoralFlats,1147215.250000,4042182.000000,0,4,0,0,yes,1.000000
2000305,CoastalBeachSandFlats,263532942.770000,264412182.000000,0,177,0,0,yes,1.000000
2000304,UndifferentiatedAlluvialPlains,15087338.500000,36809188.000000,0,35,0,0,yes,1.000000
2000302,CompositeAlluvialPlains,185603918.010000,335765321.000000,0,265,0,0,yes,1.000000
2000113,Dolphins,4504105.500000,5006466.000000,0,4,0,0,yes,1.000000
2000111,Crocodilebreedinggrounds,18029155.500000,25996145.000000,0,49,0,0,yes,1.000000
2000110,Dugonghabitat,35196050.000000,35879449.000000,0,71,0,0,yes,1.000000
2000109,CusCushabitat,3140763.500000,4817885.000000,0,12,0,0,yes,1.000000
2000108,Cassowaryhabitat,6252794.000000,6836487.000000,0,18,0,0,yes,1.000000
2000107,BirdSanctuary,932480.500000,1387037.000000,0,4,0,0,yes,1.000000
2000106,Turtlenestingbeachmarine,2566253.500000,2601475.000000,0,10,0,0,yes,1.000000
2000104,Sagopalmareaswamp,6894890.400000,7308149.000000,0,23,0,0,yes,1.000000
2000103,PandanusMarita,235557.300000,783341.000000,0,2,0,0,yes,1.000000
2000102,PandanusKaruka,262935.900000,785191.000000,0,3,0,0,yes,1.000000
2000101,Churchland,0.000000,2289007.000000,0,8,0,0,,1.000000
2000098,Caves,3565105.200000,3576454.000000,0,14,0,0,yes,1.000000
2000096,Volcano,0.000000,23033740.000000,0,25,0,0,,1.000000
2000095,Waterfall,471114.900000,785191.000000,0,3,0,0,yes,1.000000
2000093,Hotspring,2671026.900000,2816189.000000,0,7,0,0,yes,1.000000
2000092,Freshwaterlake,2723975.800000,2885525.000000,0,9,0,0,yes,1.000000
2000090,Villagesmissingnameslocation,0.000000,2343502.000000,0,11,0,0,,1.000000
2000089,MissionStations,0.000000,1523757.000000,0,6,0,0,,1.000000
2000088,Clams,0.000000,35395195.000000,0,66,0,0,,1.000000
2000086,Bechedemerreef,0.000000,35592991.000000,0,68,0,0,,1.000000
2000085,Tuna,187973.500000,227543.000000,0,1,0,0,yes,1.000000
2000082,Miningsmallscalealluvial,0.000000,0.000000,0,0,0,0,,1.000000
2000080,Miningproposed,0.000000,103983748.000000,0,76,0,0,,1.000000
2000079,Miningcurrent,0.000000,0.000000,0,0,0,0,,1.000000
2000078,BiologicalResearchStaion,5571184.500000,6600657.000000,0,18,0,0,yes,1.000000
2000077,ResourceCentreproposed,0.000000,0.000000,0,0,0,0,,1.000000
2000076,ResourceCentreexisting,0.000000,23957.000000,0,1,0,0,,1.000000
2000075,Wharfproposed,0.000000,202976.000000,0,2,0,0,,1.000000
2000074,Wharfexisting,0.000000,0.000000,0,0,0,0,,1.000000
2000073,Jettiesproposed,0.000000,857567.000000,0,5,0,0,,1.000000
2000072,Jettiesexisting,0.000000,0.000000,0,0,0,0,,1.000000
2000071,Fishmarket,0.000000,0.000000,0,0,0,0,,1.000000
2000070,Markets,0.000000,95850.000000,0,1,0,0,,1.000000
2000068,Digicelltower,0.000000,2967755.000000,0,8,0,0,,1.000000
2000067,Roadsproposed,0.000000,0.000000,0,0,0,0,,1.000000
2000065,Reservoirwatersupply,0.000000,0.000000,0,0,0,0,,1.000000
2000064,Hydroelectricpowerproposed,0.000000,169530.000000,0,1,0,0,,1.000000
2000063,Solarpowerplantproposed,0.000000,0.000000,0,0,0,0,,1.000000
2000062,Powerstationexisting,0.000000,2355574.000000,0,8,0,0,,1.000000
2000060,Reforestationproposed,148689891.600000,277900943.000000,0,183,0,0,yes,1.000000
2000057,LoggingexpiredTRPFMA,0.000000,167860045.000000,0,121,0,0,,1.000000
2000056,Loggingcurrent,0.000000,537077344.000000,0,326,0,0,,1.000000
2000055,Forestplanationreforestation,0.000000,0.000000,0,0,0,0,,1.000000
2000055,Forestplanationreforestation,96418091.100000,164171270.000000,0,107,0,0,yes,1.000000
2000053,Bambooforest,0.000000,0.000000,0,0,0,0,,1.000000
2000052,Balsawoodlots,0.000000,0.000000,0,0,0,0,,1.000000
2000051,Forestvirginuntouched,669125111.500000,680419541.000000,0,406,0,0,yes,1.000000
2000050,Nontimberbuildingmaterialforest,0.000000,675879.000000,0,1,0,0,,1.000000
2000049,Megapodeeggs,0.000000,0.000000,0,0,0,0,,1.000000
2000048,HuntingZone,0.000000,11158312.000000,0,21,0,0,,1.000000
2000047,Fishingzonesmarine,0.000000,0.000000,0,0,0,0,,1.000000
2000046,Fishingzonefreshwater,0.000000,1398892.000000,0,4,0,0,,1.000000
2000043,Gamefishingsite,1177787.000000,1570383.000000,0,6,0,0,yes,1.000000
2000042,Tourismforest,2355573.500000,2622498.000000,0,6,0,0,yes,1.000000
2000041,Tourismcoralreefs,34223862.500000,35949460.000000,0,67,0,0,yes,1.000000
2000040,Touristtracks,1570382.500000,1873561.000000,0,6,0,0,yes,1.000000
2000039,Surfingsite,0.000000,111594.000000,0,1,0,0,,1.000000
2000038,Guesthouse,0.000000,283329.000000,0,1,0,0,,1.000000
2000037,Resettlementareafromnaturaldisaster,0.000000,390384.000000,0,1,0,0,,1.000000
2000036,Floodways,0.000000,0.000000,0,0,0,0,,1.000000
2000035,Disasteraffectedarea,0.000000,419967.000000,0,4,0,0,,1.000000
2000034,ShellTabuMoney,0.000000,145869.000000,0,2,0,0,,1.000000
2000033,WWIIsites,0.000000,1327642.000000,0,7,0,0,,1.000000
2000032,SacredSitesPlesTambu,0.000000,4839035.000000,0,18,0,0,,1.000000
2000031,Cemetary,0.000000,717041.000000,0,5,0,0,,1.000000
2000029,WildlifeMngtAreaWMA,8556180.500000,8734819.000000,0,11,0,0,yes,1.000000
2000028,ConservationAreaTerrestrialproposed,664076882.500000,770327103.000000,0,445,0,0,yes,1.000000
2000027,ConservationAreaTerrestrial,392595.500000,785191.000000,0,1,0,0,yes,1.000000
2000026,ConservationAreaMarineproposed,4927810.500000,4926922.000000,0,19,0,0,yes,0.999820
2000025,ConservationAreaMarine,671923.000000,671549.000000,0,3,0,0,yes,0.999443
2000024,Mangroves,2113342.800000,2138513.000000,0,6,0,0,yes,1.000000
2000023,Shellsmangroves,23995590.000000,39738212.000000,0,80,0,0,yes,1.000000
2000022,Seagrassbeds,20386036.500000,35401239.000000,0,67,0,0,yes,1.000000
2000021,Uniqueorchidspecies,392596.000000,785192.000000,0,3,0,0,yes,1.000000
2000016,Spiceagriculturalactivity,0.000000,0.000000,0,0,0,0,,1.000000
2000015,Commercialfloriculture,0.000000,37860723.000000,0,32,0,0,,1.000000
2000014,Researchsites,2119976.100000,2291055.000000,0,5,0,0,yes,1.000000
2000013,OilPlamproposed,0.000000,19468453.000000,0,19,0,0,,1.000000
2000012,OilPalmexisting,0.000000,18280032.000000,0,22,0,0,,1.000000
2000010,Introducedcrops,0.000000,567060.000000,0,1,0,0,,1.000000
2000009,FruitandVeggiefarming,0.000000,0.000000,0,0,0,0,,1.000000
2000008,Fishfarmpond,0.000000,1501121.000000,0,3,0,0,,1.000000
2000007,CattlefarmPigfarmChickenfarm,0.000000,462802.000000,0,3,0,0,,1.000000
2000006,CashcropsVanilla,0.000000,0.000000,0,0,0,0,,1.000000
2000005,Cashcropscoconut,0.000000,14864970.000000,0,25,0,0,,1.000000
2000004,Cashcropscocoa,0.000000,21656477.000000,0,33,0,0,,1.000000
2000003,CashCropCoffee,0.000000,1405458.000000,0,4,0,0,,1.000000
2000002,BeetleNutFarm,0.000000,301769.000000,0,2,0,0,,1.000000
1000969,Woodland100,9509.460000,17842.000000,0,1,0,0,yes,1.000000
1000967,Volcanicsuccessionsdominatedbyscrub100,3831787.760000,11170585.000000,0,18,0,0,yes,1.000000
1000964,TimberPlantation100,0.000000,16565880.000000,0,14,0,0,,1.000000
1000961,Swampwoodland100,5792904.700000,11245441.000000,0,15,0,0,yes,1.000000
1000960,Swampgrassland100,1587577.980000,1734705.000000,0,5,0,0,yes,1.000000
1000953,SeralForestVolcanicsuccessions100,8795695.960000,22451997.000000,0,21,0,0,yes,1.000000
1000952,Scrub100,80063.200000,172337.000000,0,2,0,0,yes,1.000000
1000947,RiverinesuccessionswithEucalyptusdeglupta100,30935888.380000,34901017.000000,0,74,0,0,yes,1.000000
1000943,Riverinesuccessionsdominatedbygrass100,860890.540000,1877890.000000,0,6,0,0,yes,1.000000
1000940,Mixedforest100,7835228.940000,8341879.000000,0,11,0,0,yes,1.000000
1000938,Mangrove100,6310546.200000,6738797.000000,0,12,0,0,yes,1.000000
1000937,Lakesandlargerrivers100,85893.860000,120378.000000,0,1,0,0,yes,1.000000
1000936,Herbaceousswamp100,695465.920000,2010857.000000,0,5,0,0,yes,1.000000
1000935,Grasslands100,590996.160000,729068.000000,0,1,0,0,yes,1.000000
1000928,ForestVerySmallCrownLowMontane1000mNotho100,258842499.460000,500149269.000000,0,343,0,0,yes,1.000000
1000926,ForestVerySmallCrownLowMontane1000m100,132134880.340000,209689870.000000,0,150,0,0,yes,1.000000
1000925,ForestSmallCrownLowMontane1000mwNothofag100,49926315.020000,96087279.000000,0,65,0,0,yes,1.000000
1000923,ForestSmallCrownLowMontane1000m100,493036247.740000,698508912.000000,0,597,0,0,yes,1.000000
1000920,ForestSmallCrownLowAltUplands1000m100,68332971.860000,69228504.000000,0,89,0,0,yes,1.000000
1000918,ForestSmallCrown100,23347212.480000,23695809.000000,0,15,0,0,yes,1.000000
1000917,ForestOpenLowAltPlains1000m100,57802767.940000,76994598.000000,0,88,0,0,yes,1.000000
1000915,ForestMediumCrownLowAltUplands1000m100,2604979971.320000,2605255044.000000,0,1783,0,0,yes,1.000000
1000914,ForestLargeCrownLowAltUplands1000m100,17858667.620000,44915311.000000,0,35,0,0,yes,1.000000
1000913,ForestLargecrownLowAltPlains1000m100,49884079.880000,50400918.000000,0,68,0,0,yes,1.000000
1000911,Cultivatedland100,0.000000,21593.000000,0,2,0,0,,1.000000
1000892,ForestMediumCrownLowAltUplands1000m90,16136980.380000,16310959.000000,0,18,0,0,yes,1.000000
1000890,ForestLargecrownLowAltPlains1000m90,886229.040000,1360203.000000,0,3,0,0,yes,1.000000
1000879,RiverinesuccessionswithEucalyptusdeglupta80,1042713.360000,1334031.000000,0,3,0,0,yes,1.000000
1000876,Mixedforest80,2159829.940000,2360212.000000,0,3,0,0,yes,1.000000
1000863,ForestOpenLowAltPlains1000m80,835001.240000,2455886.000000,0,6,0,0,yes,1.000000
1000861,ForestMediumCrownLowAltUplands1000m80,186244659.060000,186285259.000000,0,163,0,0,yes,1.000000
1000859,ForestLargecrownLowAltPlains1000m80,9984209.140000,10088766.000000,0,11,0,0,yes,1.000000
1000850,Volcanicsuccessionsdominatedbyscrub50,609587.020000,1792903.000000,0,10,0,0,yes,1.000000
1000848,Urban50,0.000000,0.000000,0,0,0,0,,1.000000
1000847,TimberPlantation50,0.000000,35207.000000,0,2,0,0,,1.000000
1000844,Swampwoodland50,12463.720000,36658.000000,0,2,0,0,yes,1.000000
1000843,Swampgrassland50,343710.420000,362589.000000,0,5,0,0,yes,1.000000
1000830,RiverinesuccessionswithEucalyptusdeglupta50,924851.680000,924893.000000,0,21,0,0,yes,1.000000
1000826,Riverinesuccessionsdominatedbygrass50,125506.580000,301096.000000,0,5,0,0,yes,1.000000
1000823,Mixedforest50,331836.940000,508323.000000,0,10,0,0,yes,1.000000
1000821,Mangrove50,41701.340000,42950.000000,0,6,0,0,yes,1.000000
1000820,Landuse0450,0.000000,1257543.000000,0,56,0,0,,1.000000
1000819,Lakesandlargerrivers50,20133.780000,59217.000000,0,1,0,0,yes,1.000000
1000818,Herbaceousswamp50,1217.880000,3582.000000,0,1,0,0,yes,1.000000
1000817,Grasslands50,40528.680000,119202.000000,0,1,0,0,yes,1.000000
1000810,ForestVerySmallCrownLowMontane1000mNotho50,303553.700000,726520.000000,0,65,0,0,yes,1.000000
1000808,ForestVerySmallCrownLowMontane1000m50,52564.680000,137475.000000,0,12,0,0,yes,1.000000
1000807,ForestSmallCrownLowMontane1000mwNothofag50,79660.640000,135984.000000,0,14,0,0,yes,1.000000
1000805,ForestSmallCrownLowMontane1000m50,862428.700000,1912720.000000,0,32,0,0,yes,1.000000
1000802,ForestSmallCrownLowAltUplands1000m50,449518.420000,984675.000000,0,30,0,0,yes,1.000000
1000800,ForestSmallCrown50,15232.000000,16669.000000,0,1,0,0,yes,1.000000
1000799,ForestOpenLowAltPlains1000m50,334832.000000,344883.000000,0,17,0,0,yes,1.000000
1000797,ForestMediumCrownLowAltUplands1000m50,221410536.740000,221491696.000000,0,353,0,0,yes,1.000000
1000796,ForestLargeCrownLowAltUplands1000m50,2836.960000,8344.000000,0,1,0,0,yes,1.000000
1000795,ForestLargecrownLowAltPlains1000m50,550239.680000,620106.000000,0,29,0,0,yes,1.000000
1000793,Cultivatedland50,0.000000,52626.000000,0,5,0,0,,1.000000
1000792,Bare10,0.000000,0.000000,0,0,0,0,,1.000000
1000788,RiverinesuccessionswithEucalyptusdeglupta40,0.000000,1214607.000000,0,2,0,0,,1.000000
1000787,ForestVerySmallCrownLowMontane1000m40,0.000000,9014608.000000,0,13,0,0,,1.000000
1000786,ForestSmallCrownLowMontane1000m40,0.000000,0.000000,0,0,0,0,,1.000000
1000784,ForestOpenLowAltPlains1000m40,0.000000,0.000000,0,0,0,0,,1.000000
1000782,ForestMediumCrownLowAltUplands1000m40,0.000000,30491478.000000,0,47,0,0,,1.000000
1000781,ForestLargecrownLowAltPlains1000m40,0.000000,5513520.000000,0,10,0,0,,1.000000
1000768,ForestMediumCrownLowAltUplands1000m20,0.000000,5585775.000000,0,3,0,0,,1.000000
1000766,ForestLargecrownLowAltPlains1000m20,0.000000,32796878.000000,0,24,0,0,,1.000000
1000765,Cultivatedland20,0.000000,23922.000000,0,2,0,0,,1.000000
1000759,Volcanicsuccessionsdominatedbyscrub0,0.000000,2370341.000000,0,8,0,0,,1.000000
1000757,Urban0,0.000000,0.000000,0,0,0,0,,1.000000
1000756,TimberPlantation0,0.000000,968558.000000,0,6,0,0,,1.000000
1000753,Swampwoodland0,0.000000,27253.000000,0,2,0,0,,1.000000
1000752,Swampgrassland0,0.000000,112653.000000,0,3,0,0,,1.000000
1000739,RiverinesuccessionswithEucalyptusdeglupta0,0.000000,549922.000000,0,21,0,0,,1.000000
1000735,Riverinesuccessionsdominatedbygrass0,0.000000,814336.000000,0,5,0,0,,1.000000
1000732,Mixedforest0,0.000000,657302.000000,0,11,0,0,,1.000000
1000730,Mangrove0,0.000000,158868.000000,0,7,0,0,,1.000000
1000729,Landuse040,0.000000,97202284.000000,0,113,0,0,,1.000000
1000728,Lakesandlargerrivers0,0.000000,88279.000000,0,1,0,0,,1.000000
1000727,Herbaceousswamp0,0.000000,6092.000000,0,2,0,0,,1.000000
1000726,Grasslands0,0.000000,595603.000000,0,1,0,0,,1.000000
1000719,ForestVerySmallCrownLowMontane1000mNotho0,0.000000,1917371.000000,0,53,0,0,,1.000000
1000717,ForestVerySmallCrownLowMontane1000m0,0.000000,125360.000000,0,15,0,0,,1.000000
1000716,ForestSmallCrownLowMontane1000mwNothofag0,0.000000,142100.000000,0,11,0,0,,1.000000
1000714,ForestSmallCrownLowMontane1000m0,0.000000,554429.000000,0,30,0,0,,1.000000
1000711,ForestSmallCrownLowAltUplands1000m0,0.000000,1112185.000000,0,31,0,0,,1.000000
1000709,ForestSmallCrown0,0.000000,8334.000000,0,1,0,0,,1.000000
1000708,ForestOpenLowAltPlains1000m0,0.000000,308767.000000,0,14,0,0,,1.000000
1000706,ForestMediumCrownLowAltUplands1000m0,0.000000,13178571.000000,0,221,0,0,,1.000000
1000704,ForestLargecrownLowAltPlains1000m0,0.000000,997423.000000,0,39,0,0,,1.000000
1000702,Cultivatedland0,0.000000,2560512.000000,0,6,0,0,,1.000000
1000701,Bare0,0.000000,0.000000,0,0,0,0,,1.000000
1000500,climref,554411653.900000,3764162468.000000,0,2326,0,0,yes,1.000000
1000405,Platymantissulcatus,334330796.000000,334589113.000000,0,177,0,0,yes,1.000000
1000404,Platymantisnakanaiorum,138796273.000000,139623765.000000,0,89,0,0,yes,1.000000
1000403,Platymantismamusiorum,19554119.000000,26044623.000000,0,24,0,0,yes,1.000000
1000402,Platymantiscaesiops,87664790.000000,120902454.000000,0,73,0,0,yes,1.000000
1000401,Platymantisbufonulus,267402606.500000,270251645.000000,0,154,0,0,yes,1.000000
1000343,VolcanicRidgeswithSlope510,13483866.370000,51694236.000000,0,64,0,0,yes,1.000000
1000341,VolcanicRidgeswithSlope1020,183512235.120000,625712053.000000,0,559,0,0,yes,1.000000
1000340,VolcanicRidgeswithSlope20,195226399.790000,572598618.000000,0,469,0,0,yes,1.000000
1000339,LeveeplainRiverValleys,14774807.270000,68208739.000000,0,50,0,0,yes,1.000000
1000338,OtherRidgeswithSlope510,8100427.240000,15963246.000000,0,32,0,0,yes,1.000000
1000337,OtherRidgeswithSlope1020,56667015.280000,215900741.000000,0,189,0,0,yes,1.000000
1000336,OtherRidgeswithSlope20,16855013.120000,41030699.000000,0,59,0,0,yes,1.000000
1000335,LimestoneRidgeswithSlope510,172121325.960000,471215686.000000,0,385,0,0,yes,1.000000
1000334,LimestoneRidgeswithSlope25,65489995.220000,158532910.000000,0,122,0,0,yes,1.000000
1000333,LimestoneRidgeswithSlope1020,209801115.020000,445574630.000000,0,433,0,0,yes,1.000000
1000332,LimestoneRidgeswithSlope20,96551707.910000,230251074.000000,0,234,0,0,yes,1.000000
1000331,LimestoneRidgeswithSlope2,2415072.870000,6397450.000000,0,6,0,0,yes,1.000000
1000328,VolcanicFoothillswithSlope510,167002722.180000,273316485.000000,0,285,0,0,yes,1.000000
1000327,VolcanicFoothillswithSlope25,114093057.440000,114398473.000000,0,117,0,0,yes,1.000000
1000326,VolcanicFoothillswithSlope1020,269291736.290000,579924266.000000,0,503,0,0,yes,1.000000
1000325,VolcanicFoothillswithSlope20,34489584.360000,72857550.000000,0,84,0,0,yes,1.000000
1000324,VolcanicFoothillswithSlope2,18423939.040000,18470944.000000,0,30,0,0,yes,1.000000
1000323,OtherFoothillswithSlope510,58005324.300000,138429141.000000,0,132,0,0,yes,1.000000
1000322,OtherFoothillswithSlope25,7098417.660000,7302022.000000,0,19,0,0,yes,1.000000
1000321,OtherFoothillswithSlope1020,97967348.570000,209026386.000000,0,200,0,0,yes,1.000000
1000320,OtherFoothillswithSlope20,17546220.880000,18569179.000000,0,31,0,0,yes,1.000000
1000319,OtherFoothillswithSlope2,1321799.640000,2218282.000000,0,5,0,0,yes,1.000000
1000318,LimestoneFoothillswithSlope510,118908450.410000,120684171.000000,0,130,0,0,yes,1.000000
1000317,LimestoneFoothillswithSlope25,12985841.000000,13064030.000000,0,19,0,0,yes,1.000000
1000316,LimestoneFoothillswithSlope1020,171824344.970000,173438724.000000,0,194,0,0,yes,1.000000
1000315,LimestoneFoothillswithSlope20,27709865.700000,34827134.000000,0,59,0,0,yes,1.000000
1000314,LimestoneFoothillswithSlope20,883100.870000,2253677.000000,0,3,0,0,yes,1.000000
1000309,CoastalplainswithNofloodingorinundation,176968958.240000,177201785.000000,0,131,0,0,yes,1.000000
1000308,CoastalplainswithLongterminundated,6039199.850000,7010164.000000,0,9,0,0,yes,1.000000
1000307,MangrovesFlats,1476888.940000,2559937.000000,0,2,0,0,yes,1.000000
1000306,CoastalCoralFlats,3012251.250000,3013889.000000,0,7,0,0,yes,1.000000
1000305,CoastalBeachSandFlats,119815394.970000,119867096.000000,0,103,0,0,yes,1.000000
1000303,TerraceAlluvialPlains,5335152.840000,23059806.000000,0,28,0,0,yes,1.000000
1000302,CompositeAlluvialPlains,117340650.740000,118059564.000000,0,125,0,0,yes,1.000000
1000301,BarAlluvialPlains,9270999.470000,21562618.000000,0,22,0,0,yes,1.000000
1000111,Crocodilebreedinggrounds,3981312.500000,4002798.000000,0,10,0,0,yes,1.000000
1000110,Dugonghabitat,9967.500000,19935.000000,0,1,0,0,yes,1.000000
1000109,CusCushabitat,5772522.500000,5878846.000000,0,5,0,0,yes,1.000000
1000108,Cassowaryhabitat,1177787.000000,1504691.000000,0,5,0,0,yes,1.000000
1000107,BirdSanctuary,1225393.500000,1632820.000000,0,7,0,0,yes,1.000000
1000106,Turtlenestingbeachmarine,572178.000000,581463.000000,0,5,0,0,yes,1.000000
1000104,Sagopalmareaswamp,742384.500000,1262575.000000,0,2,0,0,yes,1.000000
1000103,PandanusMarita,388664.100000,486632.000000,0,2,0,0,yes,1.000000
1000102,PandanusKaruka,471114.600000,1010453.000000,0,3,0,0,yes,1.000000
1000101,Churchland,17390847.900000,17403741.000000,0,24,0,0,yes,1.000000
1000098,Caves,12203864.100000,12232943.000000,0,26,0,0,yes,1.000000
1000096,Volcano,0.000000,8795320.000000,0,10,0,0,,1.000000
1000093,Hotspring,1420151.100000,1656403.000000,0,4,0,0,yes,1.000000
1000092,Freshwaterlake,1099267.400000,1570382.000000,0,6,0,0,yes,1.000000
1000090,Villagesmissingnameslocation,0.000000,0.000000,0,0,0,0,,1.000000
1000089,MissionStations,0.000000,0.000000,0,0,0,0,,1.000000
1000088,Clams,0.000000,0.000000,0,0,0,0,,1.000000
1000086,Bechedemerreef,0.000000,175148.000000,0,2,0,0,,1.000000
1000084,Fishnontunaoffshore,0.000000,0.000000,0,0,0,0,,1.000000
1000082,Miningsmallscalealluvial,0.000000,2568996.000000,0,3,0,0,,1.000000
1000081,MiningLimestoneproposed,0.000000,956192.000000,0,1,0,0,,1.000000
1000080,Miningproposed,0.000000,0.000000,0,0,0,0,,1.000000
1000079,Miningcurrent,0.000000,5797282.000000,0,8,0,0,,1.000000
1000078,BiologicalResearchStaion,710342.500000,785191.000000,0,3,0,0,yes,1.000000
1000077,ResourceCentreproposed,0.000000,228956.000000,0,1,0,0,,1.000000
1000076,ResourceCentreexisting,0.000000,5497.000000,0,1,0,0,,1.000000
1000075,Wharfproposed,0.000000,314451.000000,0,2,0,0,,1.000000
1000074,Wharfexisting,0.000000,465078.000000,0,1,0,0,,1.000000
1000073,Jettiesproposed,0.000000,660660.000000,0,4,0,0,,1.000000
1000072,Jettiesexisting,0.000000,0.000000,0,0,0,0,,1.000000
1000071,Fishmarket,0.000000,0.000000,0,0,0,0,,1.000000
1000070,Markets,0.000000,0.000000,0,0,0,0,,1.000000
1000068,Digicelltower,0.000000,4814083.000000,0,16,0,0,,1.000000
1000067,Roadsproposed,0.000000,0.000000,0,0,0,0,,1.000000
1000065,Reservoirwatersupply,0.000000,0.000000,0,0,0,0,,1.000000
1000064,Hydroelectricpowerproposed,0.000000,90945.000000,0,1,0,0,,1.000000
1000063,Solarpowerplantproposed,0.000000,397883.000000,0,1,0,0,,1.000000
1000062,Powerstationexisting,0.000000,0.000000,0,0,0,0,,1.000000
1000061,IndustrialArea,0.000000,219777.000000,0,1,0,0,,1.000000
1000060,Reforestationproposed,6494836.800000,6556825.000000,0,16,0,0,yes,1.000000
1000058,LoggingproposedTRPFMA,0.000000,0.000000,0,0,0,0,,1.000000
1000057,LoggingexpiredTRPFMA,0.000000,215285250.000000,0,129,0,0,,1.000000
1000056,Loggingcurrent,0.000000,63173082.000000,0,44,0,0,,1.000000
1000055,Forestplanationreforestation,0.000000,0.000000,0,0,0,0,,1.000000
1000055,Forestplanationreforestation,16778577.000000,17197494.000000,0,20,0,0,yes,1.000000
1000054,CertifiedCommunityForest,9699687.900000,10132324.000000,0,12,0,0,yes,1.000000
1000053,Bambooforest,0.000000,0.000000,0,0,0,0,,1.000000
1000052,Balsawoodlots,0.000000,6828357.000000,0,10,0,0,,1.000000
1000051,Forestvirginuntouched,764614467.000000,929680283.000000,0,545,0,0,yes,1.000000
1000050,Nontimberbuildingmaterialforest,0.000000,785192.000000,0,4,0,0,,1.000000
1000049,Megapodeeggs,0.000000,0.000000,0,0,0,0,,1.000000
1000048,HuntingZone,0.000000,137001831.000000,0,104,0,0,,1.000000
1000047,Fishingzonesmarine,0.000000,0.000000,0,0,0,0,,1.000000
1000046,Fishingzonefreshwater,0.000000,191719.000000,0,2,0,0,,1.000000
1000045,FishAggregationDeviseFADs,2464670.500000,2927616.000000,0,9,0,0,yes,1.000000
1000042,Tourismforest,5876063.500000,6024735.000000,0,9,0,0,yes,1.000000
1000041,Tourismcoralreefs,227457.000000,279880.000000,0,2,0,0,yes,1.000000
1000040,Touristtracks,2355573.000000,2355555.000000,0,6,0,0,yes,0.999992
1000038,Guesthouse,0.000000,2435804.000000,0,10,0,0,,1.000000
1000037,Resettlementareafromnaturaldisaster,0.000000,5822825.000000,0,7,0,0,,1.000000
1000036,Floodways,0.000000,117673.000000,0,1,0,0,,1.000000
1000035,Disasteraffectedarea,0.000000,1873441.000000,0,8,0,0,,1.000000
1000034,ShellTabuMoney,0.000000,406484.000000,0,3,0,0,,1.000000
1000033,WWIIsites,0.000000,1392707.000000,0,4,0,0,,1.000000
1000032,SacredSitesPlesTambu,0.000000,905751.000000,0,3,0,0,,1.000000
1000031,Cemetary,0.000000,105599.000000,0,2,0,0,,1.000000
1000029,WildlifeMngtAreaWMA,21071160.000000,31386340.000000,0,34,0,0,yes,1.000000
1000028,ConservationAreaTerrestrialproposed,844662504.000000,845177065.000000,0,511,0,0,yes,1.000000
1000027,ConservationAreaTerrestrial,69920624.500000,70947152.000000,0,46,0,0,yes,1.000000
1000026,ConservationAreaMarineproposed,1953298.500000,1977803.000000,0,11,0,0,yes,1.000000
1000025,ConservationAreaMarine,488807.500000,812398.000000,0,5,0,0,yes,1.000000
1000024,Mangroves,1276430.400000,1277793.000000,0,7,0,0,yes,1.000000
1000023,Shellsmangroves,12553831.800000,14557729.000000,0,25,0,0,yes,1.000000
1000022,Seagrassbeds,423005.400000,424713.000000,0,2,0,0,yes,1.000000
1000017,Rubberplantationproposed,0.000000,0.000000,0,0,0,0,,1.000000
1000016,Spiceagriculturalactivity,0.000000,0.000000,0,0,0,0,,1.000000
1000015,Commercialfloriculture,0.000000,0.000000,0,0,0,0,,1.000000
1000014,Researchsites,4795989.300000,4837557.000000,0,15,0,0,yes,1.000000
1000013,OilPlamproposed,0.000000,194327970.000000,0,118,0,0,,1.000000
1000012,OilPalmexisting,0.000000,165337373.000000,0,141,0,0,,1.000000
1000010,Introducedcrops,0.000000,747035.000000,0,2,0,0,,1.000000
1000009,FruitandVeggiefarming,0.000000,4546375.000000,0,16,0,0,,1.000000
1000008,Fishfarmpond,0.000000,936509.000000,0,2,0,0,,1.000000
1000007,CattlefarmPigfarmChickenfarm,0.000000,4331910.000000,0,17,0,0,,1.000000
1000006,CashcropsVanilla,0.000000,0.000000,0,0,0,0,,1.000000
1000005,Cashcropscoconut,0.000000,12654727.000000,0,23,0,0,,1.000000
1000004,Cashcropscocoa,0.000000,16564905.000000,0,45,0,0,,1.000000
1000003,CashCropCoffee,0.000000,9473257.000000,0,16,0,0,,1.000000
1000002,BeetleNutFarm,0.000000,7723886.000000,0,26,0,0,,1.000000
1000001,StatelandGovtland,0.000000,25539528.000000,0,18,0,0,,1.000000
1000000,random,0.000000,3186426.000000,0,3,0,0,,1.000000
4673,GeneralizedBarrier,456578.600000,825479.000000,0,2,0,0,yes,1.000000
4672,GeneralizedFringing,6283155.600000,11136026.000000,0,56,0,0,yes,1.000000
4671,GeneralizedLagoon,2701846.600000,2861161.000000,0,7,0,0,yes,1.000000
4670,GeneralizedPatch,1453054.800000,2463100.000000,0,16,0,0,yes,1.000000
4657,OuterBarrierReefComplexreefflat,314005.400000,531951.000000,0,2,0,0,yes,1.000000
4656,OuterBarrierReefComplexpass,51239.800000,130276.000000,0,1,0,0,yes,1.000000
4655,OuterBarrierReefComplexforereef,91333.400000,163252.000000,0,2,0,0,yes,1.000000
4644,Oceanexposedfringingshallowterrace,31150.300000,138792.000000,0,2,0,0,yes,1.000000
4643,Oceanexposedfringingreefflat,2749575.700000,3642257.000000,0,35,0,0,yes,1.000000
4642,Oceanexposedfringingforereef,1249788.500000,2515439.000000,0,30,0,0,yes,1.000000
4641,Oceanexposedfringingenclosedlagoonorbasin,126597.600000,200833.000000,0,3,0,0,yes,1.000000
4640,Oceanexposedfringingdeepterrace,90396.000000,553787.000000,0,2,0,0,yes,1.000000
4639,Oceanexposedfringingchannel,2698.600000,26986.000000,0,1,0,0,yes,1.000000
4638,Lagoonexposedfringingshallowterrace,4584.300000,45843.000000,0,1,0,0,yes,1.000000
4637,Lagoonexposedfringingreefflat,208288.300000,225206.000000,0,6,0,0,yes,1.000000
4635,Intraseasexposedfringingshallowterrace,4232.000000,42320.000000,0,1,0,0,yes,1.000000
4634,Intraseasexposedfringingreefflat,377611.300000,626432.000000,0,6,0,0,yes,1.000000
4633,Intraseasexposedfringingforereef,24529.500000,28747.000000,0,2,0,0,yes,1.000000
4629,Diffusefringingdiffusefringing,134011.500000,139585.000000,0,2,0,0,yes,1.000000
4626,BarrierFringingReefComplexshallowterrace,44041.700000,241770.000000,0,2,0,0,yes,1.000000
4625,BarrierFringingReefComplexreefflat,815591.500000,1270043.000000,0,4,0,0,yes,1.000000
4624,BarrierFringingReefComplexpass,289020.100000,612266.000000,0,4,0,0,yes,1.000000
4622,BarrierFringingReefComplexenclosedbasin,131038.700000,825720.000000,0,1,0,0,yes,1.000000
4619,Continentallagoondeeplagoon,2701846.600000,2861161.000000,0,7,0,0,yes,1.000000
4618,Shelfpatchreefcomplexsubtidalreefflat,233751.400000,304282.000000,0,4,0,0,yes,1.000000
4616,Shelfpatchreefcomplexreefflat,756735.700000,1478951.000000,0,5,0,0,yes,1.000000
4615,Shelfpatchreefcomplexforereef,134398.000000,143676.000000,0,4,0,0,yes,1.000000
4614,Shelfpatchreefcomplexenclosedbasin,9080.500000,90805.000000,0,1,0,0,yes,1.000000
4612,Intraseaspatchreefcomplexsubtidalreefflat,47166.900000,50301.000000,0,1,0,0,yes,1.000000
4610,Intraseaspatchreefcomplexreefflat,77877.000000,99271.000000,0,2,0,0,yes,1.000000
4608,Intraseaspatchreefcomplexforereef,22185.300000,60188.000000,0,1,0,0,yes,1.000000
4601,Intralagoonpatchreefcomplexreefflat,171860.000000,235626.000000,0,5,0,0,yes,1.000000
3673,GeneralizedBarrier,133354.600000,800461.000000,0,2,0,0,yes,1.000000
3672,GeneralizedFringing,6568302.800000,9451269.000000,0,18,0,0,yes,1.000000
3671,GeneralizedLagoon,1381096.100000,1706359.000000,0,6,0,0,yes,1.000000
3670,GeneralizedPatch,483526.800000,1905571.000000,0,7,0,0,yes,1.000000
3658,OuterBarrierReefComplexsubtidalreefflat,14947.200000,138667.000000,0,1,0,0,yes,1.000000
3656,OuterBarrierReefComplexpass,22691.000000,165680.000000,0,1,0,0,yes,1.000000
3649,CoastalBarrierReefComplexreefflat,67172.600000,351291.000000,0,2,0,0,yes,1.000000
3647,CoastalBarrierReefComplexforereef,28543.800000,144823.000000,0,2,0,0,yes,1.000000
3643,Oceanexposedfringingreefflat,864248.000000,1110072.000000,0,6,0,0,yes,1.000000
3642,Oceanexposedfringingforereef,659453.100000,672963.000000,0,5,0,0,yes,1.000000
3641,Oceanexposedfringingenclosedlagoonorbasin,18099.000000,23866.000000,0,2,0,0,yes,1.000000
3638,Lagoonexposedfringingshallowterrace,85290.000000,194637.000000,0,1,0,0,yes,1.000000
3637,Lagoonexposedfringingreefflat,363225.200000,630451.000000,0,3,0,0,yes,1.000000
3635,Intraseasexposedfringingshallowterrace,2813531.200000,3740022.000000,0,6,0,0,yes,1.000000
3634,Intraseasexposedfringingreefflat,491361.100000,559943.000000,0,3,0,0,yes,1.000000
3633,Intraseasexposedfringingforereef,602497.100000,654972.000000,0,7,0,0,yes,1.000000
3629,Diffusefringingdiffusefringing,43311.200000,48696.000000,0,1,0,0,yes,1.000000
3626,BarrierFringingReefComplexshallowterrace,59981.300000,495986.000000,0,2,0,0,yes,1.000000
3625,BarrierFringingReefComplexreefflat,366105.200000,789107.000000,0,4,0,0,yes,1.000000
3623,BarrierFringingReefComplexforereef,191653.800000,435088.000000,0,2,0,0,yes,1.000000
3622,BarrierFringingReefComplexenclosedbasin,9546.600000,95466.000000,0,1,0,0,yes,1.000000
3621,Islandlagoondeeplagoon,1263769.100000,1348723.000000,0,4,0,0,yes,1.000000
3620,Continentallagoonshallowlagoonwithconstructions,117327.000000,357636.000000,0,2,0,0,yes,1.000000
3617,Shelfpatchreefcomplexshallowterrace,13509.100000,134654.000000,0,1,0,0,yes,1.000000
3616,Shelfpatchreefcomplexreefflat,140580.400000,469922.000000,0,2,0,0,yes,1.000000
3615,Shelfpatchreefcomplexforereef,23863.300000,122454.000000,0,1,0,0,yes,1.000000
3612,Intraseaspatchreefcomplexsubtidalreefflat,16929.500000,42320.000000,0,1,0,0,yes,1.000000
3610,Intraseaspatchreefcomplexreefflat,114649.400000,140967.000000,0,1,0,0,yes,1.000000
3608,Intraseaspatchreefcomplexforereef,70698.800000,215875.000000,0,1,0,0,yes,1.000000
3602,Intralagoonpatchreefcomplexshallowterrace,78714.400000,724668.000000,0,2,0,0,yes,1.000000
3601,Intralagoonpatchreefcomplexreefflat,24581.900000,54711.000000,0,2,0,0,yes,1.000000
2673,GeneralizedBarrier,5237072.600000,11061783.000000,0,51,0,0,yes,1.000000
2672,GeneralizedFringing,19171544.400000,21791333.000000,0,74,0,0,yes,1.000000
2671,GeneralizedLagoon,4532147.000000,5473512.000000,0,7,0,0,yes,1.000000
2670,GeneralizedPatch,10599149.500000,15024041.000000,0,128,0,0,yes,1.000000
2658,OuterBarrierReefComplexsubtidalreefflat,701955.500000,1003041.000000,0,11,0,0,yes,1.000000
2657,OuterBarrierReefComplexreefflat,1601218.100000,3377663.000000,0,33,0,0,yes,1.000000
2656,OuterBarrierReefComplexpass,154465.200000,234942.000000,0,1,0,0,yes,1.000000
2655,OuterBarrierReefComplexforereef,619964.200000,1014752.000000,0,9,0,0,yes,1.000000
2654,OuterBarrierReefComplexenclosedbasin,23040.800000,63722.000000,0,1,0,0,yes,1.000000
2651,CoastalBarrierReefComplexshallowterracewithconstructions,108498.700000,135077.000000,0,1,0,0,yes,1.000000
2650,CoastalBarrierReefComplexshallowterrace,110250.300000,449058.000000,0,1,0,0,yes,1.000000
2649,CoastalBarrierReefComplexreefflat,1194088.800000,2571876.000000,0,10,0,0,yes,1.000000
2648,CoastalBarrierReefComplexpass,44892.400000,206215.000000,0,1,0,0,yes,1.000000
2647,CoastalBarrierReefComplexforereef,65116.800000,105708.000000,0,1,0,0,yes,1.000000
2646,CoastalBarrierReefComplexenclosedlagoon,282214.800000,1378938.000000,0,3,0,0,yes,1.000000
2645,CoastalBarrierReefComplexenclosedbasin,331367.000000,520791.000000,0,1,0,0,yes,1.000000
2638,Lagoonexposedfringingshallowterrace,377530.500000,824026.000000,0,5,0,0,yes,1.000000
2637,Lagoonexposedfringingreefflat,351703.100000,355710.000000,0,4,0,0,yes,1.000000
2635,Intraseasexposedfringingshallowterrace,1888853.600000,1910588.000000,0,17,0,0,yes,1.000000
2634,Intraseasexposedfringingreefflat,8380464.900000,8429517.000000,0,50,0,0,yes,1.000000
2633,Intraseasexposedfringingforereef,1337208.100000,2341849.000000,0,18,0,0,yes,1.000000
2632,Intraseasexposedfringingenclosedlagoonorbasins,159900.200000,632415.000000,0,6,0,0,yes,1.000000
2631,Fringingofcoastalbarriercomplexdiffusefringing,507504.000000,617010.000000,0,3,0,0,yes,1.000000
2629,Diffusefringingdiffusefringing,4458449.200000,4548823.000000,0,13,0,0,yes,1.000000
2628,Coastalfringingpatchforereef,5209.600000,40023.000000,0,1,0,0,yes,1.000000
2627,Bayexposedfringingbayexposedfringing,1704721.200000,2091372.000000,0,6,0,0,yes,1.000000
2621,Islandlagoondeeplagoon,185182.700000,231158.000000,0,1,0,0,yes,1.000000
2619,Continentallagoondeeplagoon,4346964.300000,5242354.000000,0,6,0,0,yes,1.000000
2618,Shelfpatchreefcomplexsubtidalreefflat,119511.600000,154360.000000,0,3,0,0,yes,1.000000
2616,Shelfpatchreefcomplexreefflat,153618.400000,398718.000000,0,5,0,0,yes,1.000000
2615,Shelfpatchreefcomplexforereef,84175.000000,100728.000000,0,1,0,0,yes,1.000000
2614,Shelfpatchreefcomplexenclosedbasin,3776.400000,37764.000000,0,1,0,0,yes,1.000000
2612,Intraseaspatchreefcomplexsubtidalreefflat,1684545.400000,2823640.000000,0,55,0,0,yes,1.000000
2610,Intraseaspatchreefcomplexreefflat,4727063.700000,5933027.000000,0,58,0,0,yes,1.000000
2609,Intraseaspatchreefcomplexhaasubtidalreefflat,97090.400000,127387.000000,0,1,0,0,yes,1.000000
2608,Intraseaspatchreefcomplexforereef,730935.400000,1177932.000000,0,20,0,0,yes,1.000000
2607,Intraseaspatchreefcomplexfaroreefflat,632447.100000,1351585.000000,0,5,0,0,yes,1.000000
2606,Intraseaspatchreefcomplexfaroenclosedlagoon,1052758.600000,1260702.000000,0,4,0,0,yes,1.000000
2605,Intraseaspatchreefcomplexenclosedbasin,14026.200000,36888.000000,0,5,0,0,yes,1.000000
2603,Intralagoonpatchreefcomplexsubtidalreefflat,104558.900000,129552.000000,0,4,0,0,yes,1.000000
2601,Intralagoonpatchreefcomplexreefflat,424731.200000,699909.000000,0,8,0,0,yes,1.000000
2600,Coastalfringingpatchreefflat,770630.200000,791849.000000,0,10,0,0,yes,1.000000
1673,GeneralizedBarrier,1103396.900000,2759925.000000,0,14,0,0,yes,1.000000
1672,GeneralizedFringing,5753685.300000,19470069.000000,0,71,0,0,yes,1.000000
1670,GeneralizedPatch,6245158.500000,17235027.000000,0,95,0,0,yes,1.000000
1658,OuterBarrierReefComplexsubtidalreefflat,511973.700000,516027.000000,0,7,0,0,yes,1.000000
1657,OuterBarrierReefComplexreefflat,288554.700000,1090610.000000,0,7,0,0,yes,1.000000
1655,OuterBarrierReefComplexforereef,247893.400000,995049.000000,0,6,0,0,yes,1.000000
1653,OuterBarrierReefComplexbarrierreefpinnaclepatch,6481.400000,16203.000000,0,1,0,0,yes,1.000000
1652,FaroBarrierReefComplexforereef,48493.700000,142036.000000,0,2,0,0,yes,1.000000
1643,Oceanexposedfringingreefflat,125248.300000,146269.000000,0,2,0,0,yes,1.000000
1637,Lagoonexposedfringingreefflat,529330.600000,2497667.000000,0,14,0,0,yes,1.000000
1636,Lagoonexposedfringingforereef,69000.200000,327072.000000,0,4,0,0,yes,1.000000
1635,Intraseasexposedfringingshallowterrace,194598.100000,662476.000000,0,2,0,0,yes,1.000000
1634,Intraseasexposedfringingreefflat,3286180.600000,10843712.000000,0,52,0,0,yes,1.000000
1632,Intraseasexposedfringingenclosedlagoonorbasins,398307.100000,1803876.000000,0,8,0,0,yes,1.000000
1630,Fringingofbarrierfringingcomplexshallowterrace,28340.300000,263907.000000,0,2,0,0,yes,1.000000
1629,Diffusefringingdiffusefringing,1000769.700000,2610007.000000,0,16,0,0,yes,1.000000
1626,BarrierFringingReefComplexshallowterrace,32659.400000,95541.000000,0,1,0,0,yes,1.000000
1625,BarrierFringingReefComplexreefflat,89251.000000,219542.000000,0,2,0,0,yes,1.000000
1618,Shelfpatchreefcomplexsubtidalreefflat,506806.500000,558980.000000,0,14,0,0,yes,1.000000
1613,Shelfpatchreefcomplexdeepterrace,1164764.900000,1299363.000000,0,3,0,0,yes,1.000000
1612,Intraseaspatchreefcomplexsubtidalreefflat,944674.700000,2519683.000000,0,53,0,0,yes,1.000000
1611,Intraseaspatchreefcomplexshallowterrace,102844.900000,268118.000000,0,2,0,0,yes,1.000000
1610,Intraseaspatchreefcomplexreefflat,2547467.500000,10318163.000000,0,51,0,0,yes,1.000000
1608,Intraseaspatchreefcomplexforereef,220567.100000,759376.000000,0,6,0,0,yes,1.000000
1605,Intraseaspatchreefcomplexenclosedbasin,82952.800000,345487.000000,0,6,0,0,yes,1.000000
1604,Intraseaspatchreefcomplexchannel,479595.900000,580709.000000,0,1,0,0,yes,1.000000
1603,Intralagoonpatchreefcomplexsubtidalreefflat,40032.300000,64773.000000,0,3,0,0,yes,1.000000
1601,Intralagoonpatchreefcomplexreefflat,155451.900000,520375.000000,0,5,0,0,yes,1.000000
